Dynami,c Cross,#NAME?,ation M,atrix f,or 151,selecte,d units,,,,,,,,,,,,,,,,,,,,,,,,,,,,,,,,,,,,,,,,,,,,,,,,,,,,,,,,,,,,,,,,,,,,,,,,,,,,,,,,,,,,,,,,,,,,,,,,,,,,,,,,,,,,,,,,,,,,,,,,,,,,,,,,,,,,,,,,,,,,,,,
1,0.982,0.94,0.882,0.819,0.791,0.672,0.576,0.509,0.555,0.469,0.445,0.392,0.327,0.295,0.256,0.197,0.17,0.088,0.052,0.008,-0.079,-0.081,-0.06,-0.037,-0.042,-0.136,-0.176,-0.223,-0.321,-0.351,-0.388,-0.385,-0.383,-0.377,-0.318,-0.321,-0.338,-0.319,-0.349,-0.398,-0.443,-0.468,-0.467,-0.414,-0.339,-0.255,-0.248,-0.179,-0.148,-0.164,-0.185,-0.219,-0.258,-0.313,-0.312,-0.234,-0.232,-0.25,-0.189,-0.128,-0.095,-0.075,0.015,0.025,0.153,0.265,0.279,0.162,0.122,0.125,0.154,0.144,0.114,0.098,0.098,0.091,0.111,0.105,0.064,0.01,0.046,0.029,0.017,0.031,0.056,-0.008,-0.046,-0.052,-0.031,0.017,0.008,-0.028,-0.02,-0.074,-0.097,-0.021,-0.089,-0.094,-0.197,-0.284,-0.369,-0.442,-0.477,-0.491,-0.428,-0.371,-0.399,-0.368,-0.442,-0.496,-0.449,-0.419,-0.318,-0.255,-0.151,-0.142,-0.089,0.012,0.027,0.043,0.127,0.164,0.147,0.186,0.248,0.235,0.214,0.244,0.202,0.135,0.114,0.129,0.086,0.024,-0.014,-0.023,-0.052,-0.117,-0.155,-0.183,-0.229,-0.268,-0.313,-0.378,-0.39,-0.403,-0.467,-0.508,-0.509,-0.441
0.982,1,0.978,0.935,0.874,0.847,0.735,0.635,0.567,0.614,0.524,0.498,0.445,0.374,0.338,0.301,0.237,0.213,0.128,0.099,0.061,-0.025,-0.022,0.002,0.026,0.018,-0.074,-0.116,-0.164,-0.267,-0.306,-0.361,-0.378,-0.386,-0.385,-0.339,-0.344,-0.366,-0.352,-0.38,-0.425,-0.469,-0.497,-0.485,-0.42,-0.336,-0.269,-0.258,-0.205,-0.186,-0.202,-0.229,-0.269,-0.297,-0.348,-0.352,-0.284,-0.286,-0.306,-0.247,-0.186,-0.147,-0.118,-0.01,0.017,0.15,0.26,0.267,0.144,0.099,0.095,0.12,0.107,0.067,0.054,0.06,0.045,0.058,0.056,0.021,-0.03,0.01,-0.011,-0.023,-0.003,0.028,-0.034,-0.076,-0.085,-0.067,-0.024,-0.03,-0.061,-0.052,-0.098,-0.115,-0.039,-0.106,-0.122,-0.234,-0.328,-0.421,-0.5,-0.538,-0.552,-0.493,-0.43,-0.452,-0.41,-0.49,-0.547,-0.486,-0.444,-0.329,-0.267,-0.15,-0.134,-0.079,0.027,0.048,0.067,0.153,0.194,0.179,0.219,0.282,0.272,0.251,0.279,0.234,0.162,0.141,0.16,0.116,0.05,0.01,-0.001,-0.032,-0.101,-0.143,-0.174,-0.222,-0.265,-0.317,-0.386,-0.397,-0.414,-0.487,-0.529,-0.531,-0.456
0.94,0.978,1,0.978,0.922,0.885,0.78,0.68,0.609,0.653,0.557,0.529,0.475,0.394,0.357,0.323,0.252,0.228,0.136,0.108,0.07,-0.014,-0.003,0.027,0.055,0.046,-0.045,-0.092,-0.136,-0.244,-0.29,-0.355,-0.387,-0.398,-0.394,-0.357,-0.358,-0.388,-0.377,-0.403,-0.449,-0.491,-0.52,-0.502,-0.43,-0.352,-0.301,-0.281,-0.241,-0.228,-0.24,-0.267,-0.302,-0.312,-0.35,-0.353,-0.296,-0.302,-0.32,-0.262,-0.207,-0.17,-0.141,-0.032,0,0.14,0.253,0.263,0.135,0.083,0.078,0.097,0.081,0.031,0.022,0.032,0.01,0.016,0.02,-0.007,-0.052,-0.009,-0.032,-0.045,-0.018,0.019,-0.034,-0.081,-0.096,-0.081,-0.055,-0.057,-0.083,-0.077,-0.108,-0.114,-0.043,-0.105,-0.134,-0.254,-0.356,-0.457,-0.542,-0.581,-0.598,-0.542,-0.477,-0.49,-0.44,-0.524,-0.577,-0.504,-0.458,-0.331,-0.268,-0.148,-0.125,-0.063,0.043,0.065,0.09,0.182,0.221,0.207,0.252,0.315,0.303,0.283,0.312,0.266,0.192,0.17,0.188,0.143,0.075,0.03,0.019,-0.01,-0.083,-0.132,-0.161,-0.208,-0.257,-0.315,-0.383,-0.395,-0.418,-0.496,-0.535,-0.531,-0.451
0.882,0.935,0.978,1,0.971,0.926,0.85,0.764,0.704,0.744,0.658,0.628,0.577,0.492,0.446,0.41,0.334,0.314,0.222,0.194,0.154,0.067,0.079,0.111,0.142,0.131,0.043,-0.015,-0.068,-0.184,-0.252,-0.337,-0.396,-0.423,-0.425,-0.405,-0.406,-0.443,-0.438,-0.462,-0.503,-0.537,-0.557,-0.525,-0.438,-0.351,-0.316,-0.29,-0.268,-0.275,-0.292,-0.322,-0.351,-0.346,-0.372,-0.372,-0.33,-0.345,-0.36,-0.306,-0.26,-0.227,-0.192,-0.065,-0.015,0.13,0.236,0.237,0.1,0.041,0.038,0.07,0.058,-0.003,-0.005,0.014,-0.018,-0.027,-0.025,-0.042,-0.08,-0.039,-0.065,-0.076,-0.044,0.001,-0.051,-0.096,-0.1,-0.08,-0.058,-0.062,-0.076,-0.073,-0.099,-0.11,-0.045,-0.122,-0.172,-0.299,-0.414,-0.517,-0.593,-0.645,-0.659,-0.611,-0.542,-0.552,-0.49,-0.574,-0.622,-0.543,-0.492,-0.356,-0.3,-0.178,-0.142,-0.073,0.027,0.053,0.09,0.185,0.219,0.21,0.263,0.323,0.309,0.293,0.326,0.283,0.208,0.186,0.199,0.152,0.085,0.033,0.018,-0.003,-0.08,-0.139,-0.166,-0.206,-0.263,-0.329,-0.389,-0.399,-0.433,-0.514,-0.543,-0.533,-0.441
0.819,0.874,0.922,0.971,1,0.967,0.926,0.859,0.812,0.835,0.763,0.737,0.695,0.611,0.558,0.526,0.442,0.423,0.337,0.312,0.27,0.182,0.196,0.228,0.263,0.247,0.156,0.082,0.016,-0.119,-0.209,-0.315,-0.402,-0.44,-0.446,-0.446,-0.445,-0.498,-0.501,-0.52,-0.561,-0.576,-0.58,-0.532,-0.43,-0.348,-0.333,-0.304,-0.312,-0.349,-0.364,-0.39,-0.404,-0.376,-0.384,-0.38,-0.35,-0.371,-0.379,-0.332,-0.295,-0.256,-0.204,-0.058,0.006,0.148,0.257,0.249,0.103,0.033,0.028,0.067,0.057,-0.019,-0.005,0.023,-0.018,-0.043,-0.041,-0.04,-0.075,-0.028,-0.057,-0.063,-0.026,0.02,-0.043,-0.088,-0.085,-0.06,-0.031,-0.029,-0.033,-0.031,-0.051,-0.065,-0.009,-0.098,-0.176,-0.308,-0.447,-0.557,-0.622,-0.699,-0.721,-0.692,-0.631,-0.639,-0.576,-0.652,-0.687,-0.615,-0.565,-0.424,-0.376,-0.257,-0.208,-0.124,-0.032,-0.005,0.05,0.156,0.18,0.177,0.246,0.309,0.287,0.275,0.321,0.278,0.201,0.174,0.175,0.123,0.056,-0.01,-0.029,-0.036,-0.12,-0.193,-0.214,-0.242,-0.313,-0.387,-0.432,-0.44,-0.487,-0.566,-0.58,-0.56,-0.449
0.791,0.847,0.885,0.926,0.967,1,0.972,0.919,0.866,0.872,0.792,0.749,0.713,0.618,0.547,0.521,0.42,0.408,0.335,0.328,0.305,0.233,0.265,0.301,0.345,0.332,0.24,0.176,0.112,-0.033,-0.113,-0.227,-0.32,-0.374,-0.408,-0.421,-0.431,-0.472,-0.473,-0.499,-0.536,-0.56,-0.577,-0.536,-0.434,-0.354,-0.335,-0.321,-0.33,-0.379,-0.395,-0.418,-0.43,-0.407,-0.414,-0.407,-0.376,-0.398,-0.406,-0.355,-0.308,-0.272,-0.221,-0.073,-0.007,0.129,0.242,0.233,0.091,0.021,0.027,0.073,0.065,-0.014,0.001,0.04,-0.004,-0.043,-0.039,-0.039,-0.078,-0.025,-0.056,-0.069,-0.033,-0.004,-0.085,-0.127,-0.132,-0.105,-0.055,-0.041,-0.043,-0.032,-0.06,-0.076,-0.015,-0.107,-0.194,-0.324,-0.474,-0.59,-0.64,-0.722,-0.738,-0.713,-0.652,-0.665,-0.591,-0.662,-0.7,-0.634,-0.571,-0.434,-0.398,-0.276,-0.221,-0.146,-0.061,-0.026,0.03,0.128,0.152,0.155,0.222,0.28,0.262,0.254,0.3,0.262,0.19,0.164,0.161,0.108,0.047,-0.019,-0.04,-0.046,-0.123,-0.196,-0.22,-0.244,-0.31,-0.385,-0.43,-0.433,-0.478,-0.559,-0.571,-0.558,-0.447
0.672,0.735,0.78,0.85,0.926,0.972,1,0.974,0.938,0.931,0.868,0.825,0.798,0.709,0.624,0.598,0.493,0.485,0.419,0.419,0.397,0.332,0.367,0.402,0.444,0.426,0.34,0.27,0.195,0.043,-0.051,-0.185,-0.299,-0.369,-0.418,-0.449,-0.46,-0.506,-0.511,-0.538,-0.57,-0.582,-0.584,-0.536,-0.427,-0.348,-0.351,-0.34,-0.367,-0.44,-0.464,-0.488,-0.495,-0.458,-0.449,-0.438,-0.428,-0.454,-0.449,-0.408,-0.374,-0.34,-0.284,-0.127,-0.044,0.088,0.19,0.179,0.047,-0.023,-0.012,0.043,0.042,-0.039,-0.008,0.04,-0.004,-0.063,-0.071,-0.058,-0.096,-0.046,-0.08,-0.093,-0.051,-0.026,-0.109,-0.148,-0.146,-0.114,-0.062,-0.039,-0.024,-0.013,-0.034,-0.052,0.001,-0.105,-0.215,-0.342,-0.508,-0.618,-0.65,-0.749,-0.766,-0.75,-0.69,-0.696,-0.618,-0.688,-0.717,-0.65,-0.584,-0.443,-0.419,-0.304,-0.234,-0.152,-0.081,-0.045,0.027,0.124,0.138,0.149,0.224,0.276,0.254,0.252,0.306,0.273,0.207,0.179,0.166,0.113,0.057,-0.016,-0.041,-0.034,-0.111,-0.195,-0.213,-0.223,-0.299,-0.382,-0.411,-0.41,-0.468,-0.549,-0.546,-0.523,-0.395
0.576,0.635,0.68,0.764,0.859,0.919,0.974,1,0.987,0.961,0.913,0.854,0.83,0.745,0.639,0.609,0.496,0.492,0.436,0.435,0.417,0.355,0.398,0.436,0.491,0.481,0.403,0.335,0.26,0.107,0.01,-0.131,-0.261,-0.349,-0.421,-0.467,-0.489,-0.526,-0.531,-0.561,-0.585,-0.595,-0.598,-0.546,-0.43,-0.343,-0.348,-0.343,-0.377,-0.461,-0.493,-0.512,-0.51,-0.471,-0.453,-0.441,-0.433,-0.457,-0.454,-0.418,-0.381,-0.359,-0.304,-0.143,-0.056,0.075,0.178,0.165,0.033,-0.046,-0.03,0.037,0.04,-0.047,-0.019,0.039,-0.007,-0.081,-0.096,-0.078,-0.113,-0.069,-0.106,-0.123,-0.081,-0.063,-0.144,-0.17,-0.166,-0.145,-0.092,-0.071,-0.052,-0.039,-0.065,-0.088,-0.035,-0.143,-0.261,-0.379,-0.541,-0.643,-0.656,-0.757,-0.763,-0.749,-0.683,-0.687,-0.6,-0.67,-0.698,-0.63,-0.554,-0.415,-0.405,-0.294,-0.216,-0.139,-0.083,-0.041,0.035,0.121,0.129,0.147,0.221,0.263,0.242,0.247,0.3,0.276,0.22,0.195,0.175,0.124,0.078,0.005,-0.022,-0.009,-0.08,-0.165,-0.182,-0.184,-0.259,-0.343,-0.365,-0.36,-0.422,-0.503,-0.494,-0.472,-0.341
0.509,0.567,0.609,0.704,0.812,0.866,0.938,0.987,1,0.977,0.951,0.897,0.874,0.8,0.692,0.657,0.549,0.548,0.496,0.491,0.471,0.405,0.442,0.474,0.523,0.511,0.443,0.37,0.288,0.141,0.033,-0.114,-0.254,-0.351,-0.427,-0.482,-0.506,-0.545,-0.55,-0.58,-0.599,-0.602,-0.598,-0.538,-0.417,-0.323,-0.336,-0.332,-0.378,-0.473,-0.507,-0.523,-0.514,-0.471,-0.446,-0.434,-0.433,-0.453,-0.447,-0.418,-0.385,-0.36,-0.3,-0.133,-0.04,0.087,0.178,0.156,0.027,-0.052,-0.035,0.042,0.047,-0.043,-0.011,0.05,0.002,-0.076,-0.097,-0.072,-0.104,-0.069,-0.108,-0.126,-0.089,-0.072,-0.153,-0.173,-0.164,-0.143,-0.086,-0.061,-0.036,-0.022,-0.047,-0.074,-0.026,-0.135,-0.256,-0.368,-0.529,-0.625,-0.631,-0.742,-0.749,-0.738,-0.676,-0.682,-0.602,-0.668,-0.692,-0.632,-0.56,-0.426,-0.419,-0.315,-0.234,-0.156,-0.104,-0.064,0.015,0.102,0.107,0.125,0.203,0.244,0.221,0.227,0.282,0.26,0.205,0.18,0.157,0.106,0.061,-0.013,-0.041,-0.024,-0.095,-0.182,-0.195,-0.193,-0.27,-0.353,-0.369,-0.364,-0.428,-0.504,-0.489,-0.466,-0.334
0.555,0.614,0.653,0.744,0.835,0.872,0.931,0.961,0.977,1,0.978,0.933,0.9,0.834,0.735,0.688,0.591,0.59,0.53,0.52,0.495,0.417,0.447,0.464,0.494,0.47,0.408,0.327,0.243,0.11,-0.005,-0.146,-0.278,-0.366,-0.421,-0.469,-0.488,-0.535,-0.542,-0.571,-0.598,-0.604,-0.595,-0.537,-0.419,-0.32,-0.345,-0.352,-0.405,-0.493,-0.525,-0.539,-0.532,-0.495,-0.468,-0.461,-0.46,-0.474,-0.464,-0.437,-0.405,-0.373,-0.305,-0.142,-0.048,0.077,0.158,0.132,0.005,-0.062,-0.046,0.028,0.035,-0.049,-0.015,0.04,0,-0.07,-0.091,-0.073,-0.116,-0.092,-0.134,-0.156,-0.118,-0.094,-0.168,-0.187,-0.172,-0.142,-0.072,-0.045,-0.021,-0.004,-0.036,-0.065,-0.01,-0.124,-0.234,-0.348,-0.509,-0.597,-0.618,-0.735,-0.765,-0.75,-0.693,-0.689,-0.631,-0.708,-0.729,-0.662,-0.596,-0.452,-0.434,-0.323,-0.242,-0.152,-0.09,-0.053,0.03,0.13,0.136,0.15,0.234,0.283,0.255,0.259,0.319,0.29,0.226,0.199,0.177,0.122,0.07,-0.011,-0.038,-0.022,-0.102,-0.195,-0.208,-0.211,-0.295,-0.383,-0.403,-0.401,-0.469,-0.549,-0.538,-0.508,-0.364
0.469,0.524,0.557,0.658,0.763,0.792,0.868,0.913,0.951,0.978,1,0.974,0.95,0.907,0.814,0.766,0.683,0.683,0.632,0.612,0.578,0.495,0.505,0.506,0.52,0.489,0.438,0.345,0.247,0.12,-0.013,-0.161,-0.301,-0.395,-0.442,-0.491,-0.507,-0.555,-0.563,-0.588,-0.61,-0.601,-0.572,-0.506,-0.389,-0.281,-0.314,-0.321,-0.386,-0.485,-0.519,-0.53,-0.519,-0.479,-0.447,-0.445,-0.456,-0.466,-0.448,-0.436,-0.415,-0.381,-0.307,-0.144,-0.043,0.072,0.13,0.089,-0.034,-0.097,-0.079,0.01,0.024,-0.054,-0.014,0.036,-0.002,-0.078,-0.109,-0.089,-0.134,-0.128,-0.171,-0.193,-0.165,-0.137,-0.204,-0.213,-0.182,-0.15,-0.071,-0.045,-0.007,0.014,-0.016,-0.049,0.002,-0.111,-0.22,-0.323,-0.478,-0.554,-0.57,-0.696,-0.724,-0.708,-0.653,-0.649,-0.602,-0.677,-0.696,-0.637,-0.58,-0.444,-0.427,-0.327,-0.247,-0.155,-0.098,-0.067,0.017,0.118,0.119,0.132,0.218,0.265,0.236,0.24,0.301,0.273,0.211,0.184,0.159,0.106,0.057,-0.024,-0.051,-0.031,-0.11,-0.203,-0.21,-0.21,-0.295,-0.38,-0.391,-0.391,-0.46,-0.532,-0.516,-0.482,-0.342
0.445,0.498,0.529,0.628,0.737,0.749,0.825,0.854,0.897,0.933,0.974,1,0.987,0.958,0.905,0.863,0.792,0.782,0.723,0.695,0.642,0.55,0.537,0.527,0.518,0.469,0.415,0.303,0.184,0.057,-0.091,-0.242,-0.378,-0.456,-0.474,-0.511,-0.511,-0.57,-0.58,-0.594,-0.621,-0.588,-0.537,-0.46,-0.345,-0.248,-0.298,-0.3,-0.384,-0.489,-0.514,-0.53,-0.518,-0.47,-0.443,-0.442,-0.462,-0.476,-0.447,-0.436,-0.43,-0.381,-0.303,-0.131,-0.022,0.096,0.135,0.08,-0.041,-0.105,-0.094,-0.005,0.008,-0.069,-0.02,0.021,-0.014,-0.08,-0.115,-0.083,-0.129,-0.121,-0.154,-0.163,-0.135,-0.096,-0.159,-0.173,-0.139,-0.1,-0.024,0.002,0.048,0.063,0.043,0.009,0.049,-0.062,-0.17,-0.27,-0.42,-0.494,-0.519,-0.647,-0.689,-0.672,-0.625,-0.622,-0.598,-0.671,-0.685,-0.632,-0.595,-0.464,-0.431,-0.341,-0.27,-0.166,-0.101,-0.084,0,0.115,0.116,0.118,0.209,0.268,0.232,0.229,0.295,0.26,0.192,0.159,0.134,0.08,0.024,-0.06,-0.081,-0.061,-0.149,-0.241,-0.243,-0.246,-0.337,-0.415,-0.422,-0.429,-0.498,-0.562,-0.545,-0.504,-0.367
0.392,0.445,0.475,0.577,0.695,0.713,0.798,0.83,0.874,0.9,0.95,0.987,1,0.977,0.93,0.907,0.835,0.824,0.773,0.751,0.695,0.607,0.589,0.576,0.564,0.508,0.457,0.337,0.214,0.082,-0.077,-0.235,-0.378,-0.461,-0.473,-0.513,-0.51,-0.573,-0.587,-0.597,-0.62,-0.576,-0.512,-0.432,-0.32,-0.228,-0.284,-0.28,-0.379,-0.498,-0.519,-0.538,-0.523,-0.469,-0.441,-0.438,-0.465,-0.483,-0.449,-0.44,-0.441,-0.388,-0.305,-0.13,-0.019,0.094,0.129,0.066,-0.055,-0.125,-0.116,-0.027,-0.013,-0.093,-0.041,0,-0.038,-0.105,-0.139,-0.099,-0.142,-0.13,-0.16,-0.164,-0.135,-0.094,-0.157,-0.17,-0.132,-0.091,-0.015,0.013,0.066,0.079,0.065,0.031,0.064,-0.045,-0.159,-0.257,-0.41,-0.486,-0.514,-0.642,-0.685,-0.672,-0.626,-0.621,-0.598,-0.671,-0.685,-0.632,-0.596,-0.465,-0.43,-0.34,-0.272,-0.166,-0.099,-0.084,-0.001,0.116,0.117,0.118,0.21,0.271,0.235,0.23,0.295,0.259,0.191,0.156,0.13,0.077,0.02,-0.065,-0.085,-0.065,-0.154,-0.246,-0.246,-0.251,-0.342,-0.419,-0.425,-0.433,-0.502,-0.564,-0.547,-0.504,-0.37
0.327,0.374,0.394,0.492,0.611,0.618,0.709,0.745,0.8,0.834,0.907,0.958,0.977,1,0.969,0.94,0.898,0.887,0.844,0.811,0.742,0.65,0.611,0.585,0.555,0.492,0.45,0.328,0.195,0.074,-0.093,-0.251,-0.396,-0.477,-0.482,-0.52,-0.516,-0.58,-0.593,-0.598,-0.616,-0.558,-0.481,-0.396,-0.288,-0.189,-0.252,-0.249,-0.352,-0.473,-0.5,-0.519,-0.508,-0.455,-0.428,-0.432,-0.468,-0.48,-0.443,-0.449,-0.458,-0.404,-0.317,-0.145,-0.026,0.079,0.093,0.02,-0.081,-0.145,-0.143,-0.058,-0.043,-0.11,-0.053,-0.021,-0.053,-0.115,-0.156,-0.117,-0.162,-0.165,-0.193,-0.193,-0.168,-0.117,-0.167,-0.173,-0.121,-0.08,-0.009,0.01,0.069,0.081,0.066,0.027,0.054,-0.053,-0.157,-0.243,-0.382,-0.437,-0.461,-0.585,-0.628,-0.609,-0.561,-0.554,-0.543,-0.618,-0.631,-0.581,-0.551,-0.427,-0.391,-0.31,-0.247,-0.145,-0.082,-0.071,0.007,0.118,0.118,0.118,0.203,0.262,0.228,0.223,0.283,0.249,0.183,0.151,0.127,0.078,0.024,-0.054,-0.073,-0.054,-0.139,-0.225,-0.224,-0.228,-0.315,-0.387,-0.391,-0.399,-0.466,-0.523,-0.506,-0.464,-0.336
0.295,0.338,0.357,0.446,0.558,0.547,0.624,0.639,0.692,0.735,0.814,0.905,0.93,0.969,1,0.985,0.967,0.947,0.899,0.858,0.774,0.676,0.62,0.591,0.54,0.464,0.422,0.289,0.147,0.029,-0.145,-0.3,-0.438,-0.5,-0.478,-0.51,-0.49,-0.565,-0.582,-0.574,-0.592,-0.513,-0.42,-0.327,-0.219,-0.138,-0.215,-0.203,-0.325,-0.446,-0.457,-0.48,-0.467,-0.403,-0.381,-0.386,-0.426,-0.445,-0.403,-0.408,-0.432,-0.362,-0.272,-0.098,0.026,0.126,0.12,0.038,-0.054,-0.111,-0.122,-0.051,-0.042,-0.108,-0.044,-0.022,-0.054,-0.094,-0.131,-0.079,-0.116,-0.117,-0.136,-0.123,-0.1,-0.036,-0.079,-0.093,-0.039,0.008,0.067,0.082,0.142,0.146,0.141,0.102,0.113,0.015,-0.085,-0.168,-0.299,-0.354,-0.386,-0.506,-0.562,-0.549,-0.516,-0.514,-0.525,-0.587,-0.594,-0.56,-0.554,-0.447,-0.399,-0.333,-0.284,-0.178,-0.11,-0.113,-0.041,0.079,0.079,0.069,0.156,0.224,0.185,0.173,0.236,0.197,0.127,0.091,0.067,0.02,-0.038,-0.115,-0.128,-0.111,-0.197,-0.278,-0.271,-0.278,-0.363,-0.425,-0.423,-0.436,-0.497,-0.539,-0.52,-0.475,-0.364
0.256,0.301,0.323,0.41,0.526,0.521,0.598,0.609,0.657,0.688,0.766,0.863,0.907,0.94,0.985,1,0.978,0.956,0.916,0.886,0.802,0.712,0.657,0.63,0.579,0.5,0.458,0.32,0.178,0.054,-0.125,-0.285,-0.429,-0.492,-0.466,-0.501,-0.477,-0.556,-0.578,-0.564,-0.579,-0.49,-0.391,-0.295,-0.189,-0.119,-0.2,-0.179,-0.314,-0.445,-0.448,-0.475,-0.458,-0.387,-0.363,-0.365,-0.409,-0.434,-0.39,-0.394,-0.422,-0.346,-0.254,-0.079,0.044,0.14,0.13,0.044,-0.049,-0.112,-0.126,-0.059,-0.052,-0.123,-0.058,-0.038,-0.074,-0.111,-0.139,-0.078,-0.107,-0.099,-0.113,-0.094,-0.07,-0.007,-0.049,-0.064,-0.013,0.034,0.086,0.103,0.165,0.165,0.169,0.134,0.136,0.044,-0.061,-0.145,-0.278,-0.342,-0.38,-0.496,-0.552,-0.545,-0.517,-0.517,-0.526,-0.583,-0.59,-0.559,-0.556,-0.454,-0.403,-0.34,-0.295,-0.189,-0.119,-0.124,-0.055,0.068,0.069,0.056,0.142,0.214,0.175,0.16,0.223,0.183,0.112,0.074,0.049,0.003,-0.057,-0.133,-0.145,-0.128,-0.215,-0.294,-0.286,-0.294,-0.378,-0.436,-0.433,-0.448,-0.506,-0.545,-0.526,-0.48,-0.377
0.197,0.237,0.252,0.334,0.442,0.42,0.493,0.496,0.549,0.591,0.683,0.792,0.835,0.898,0.967,0.978,1,0.984,0.951,0.907,0.817,0.724,0.65,0.611,0.541,0.458,0.43,0.296,0.155,0.051,-0.131,-0.279,-0.419,-0.476,-0.437,-0.471,-0.444,-0.526,-0.552,-0.532,-0.539,-0.441,-0.332,-0.233,-0.135,-0.066,-0.153,-0.128,-0.266,-0.391,-0.388,-0.418,-0.403,-0.332,-0.309,-0.315,-0.365,-0.386,-0.342,-0.359,-0.397,-0.317,-0.222,-0.055,0.073,0.153,0.118,0.029,-0.037,-0.081,-0.103,-0.051,-0.046,-0.102,-0.033,-0.023,-0.056,-0.081,-0.111,-0.054,-0.083,-0.096,-0.112,-0.09,-0.073,0,-0.032,-0.047,0.022,0.077,0.127,0.137,0.203,0.203,0.208,0.17,0.166,0.078,-0.013,-0.086,-0.204,-0.253,-0.293,-0.405,-0.466,-0.464,-0.449,-0.449,-0.476,-0.521,-0.524,-0.508,-0.519,-0.437,-0.387,-0.337,-0.302,-0.204,-0.139,-0.15,-0.088,0.027,0.027,0.012,0.091,0.161,0.124,0.108,0.166,0.126,0.058,0.024,0.002,-0.04,-0.094,-0.162,-0.172,-0.157,-0.236,-0.306,-0.296,-0.303,-0.379,-0.427,-0.42,-0.434,-0.485,-0.511,-0.491,-0.448,-0.36
0.17,0.213,0.228,0.314,0.423,0.408,0.485,0.492,0.548,0.59,0.683,0.782,0.824,0.887,0.947,0.956,0.984,1,0.98,0.942,0.879,0.789,0.721,0.674,0.598,0.515,0.5,0.37,0.235,0.141,-0.04,-0.193,-0.337,-0.404,-0.379,-0.426,-0.409,-0.488,-0.519,-0.502,-0.499,-0.407,-0.31,-0.211,-0.111,-0.038,-0.131,-0.11,-0.259,-0.389,-0.382,-0.412,-0.399,-0.328,-0.302,-0.306,-0.355,-0.377,-0.342,-0.358,-0.39,-0.306,-0.207,-0.036,0.101,0.172,0.125,0.033,-0.022,-0.056,-0.072,-0.022,-0.019,-0.077,-0.004,0.011,-0.024,-0.054,-0.078,-0.024,-0.048,-0.07,-0.094,-0.084,-0.071,-0.007,-0.055,-0.078,-0.005,0.063,0.126,0.145,0.223,0.232,0.237,0.197,0.193,0.104,0.006,-0.064,-0.185,-0.24,-0.273,-0.395,-0.459,-0.472,-0.469,-0.475,-0.501,-0.53,-0.53,-0.53,-0.538,-0.468,-0.431,-0.383,-0.346,-0.257,-0.198,-0.203,-0.141,-0.032,-0.032,-0.043,0.037,0.104,0.067,0.055,0.113,0.075,0.008,-0.024,-0.047,-0.088,-0.138,-0.204,-0.217,-0.2,-0.273,-0.341,-0.334,-0.335,-0.405,-0.451,-0.442,-0.45,-0.497,-0.519,-0.495,-0.457,-0.376
0.088,0.128,0.136,0.222,0.337,0.335,0.419,0.436,0.496,0.53,0.632,0.723,0.773,0.844,0.899,0.916,0.951,0.98,1,0.975,0.927,0.858,0.788,0.733,0.651,0.568,0.569,0.443,0.309,0.223,0.037,-0.12,-0.274,-0.354,-0.34,-0.401,-0.388,-0.459,-0.492,-0.47,-0.451,-0.351,-0.252,-0.149,-0.051,0.031,-0.062,-0.047,-0.203,-0.344,-0.34,-0.369,-0.359,-0.288,-0.258,-0.262,-0.321,-0.342,-0.306,-0.332,-0.365,-0.283,-0.184,-0.018,0.119,0.174,0.109,0.005,-0.042,-0.074,-0.086,-0.026,-0.017,-0.075,-0.006,0.01,-0.027,-0.058,-0.08,-0.029,-0.048,-0.078,-0.102,-0.096,-0.092,-0.034,-0.079,-0.091,-0.01,0.059,0.132,0.15,0.234,0.248,0.249,0.204,0.196,0.112,0.014,-0.047,-0.159,-0.21,-0.231,-0.35,-0.406,-0.429,-0.433,-0.445,-0.465,-0.48,-0.479,-0.492,-0.5,-0.449,-0.423,-0.385,-0.351,-0.276,-0.229,-0.231,-0.175,-0.08,-0.081,-0.089,-0.017,0.044,0.011,0.001,0.055,0.022,-0.037,-0.066,-0.089,-0.126,-0.167,-0.225,-0.238,-0.221,-0.282,-0.342,-0.336,-0.332,-0.39,-0.43,-0.417,-0.42,-0.46,-0.474,-0.447,-0.417,-0.351
0.052,0.099,0.108,0.194,0.312,0.328,0.419,0.435,0.491,0.52,0.612,0.695,0.751,0.811,0.858,0.886,0.907,0.942,0.975,1,0.972,0.927,0.864,0.809,0.719,0.625,0.626,0.505,0.366,0.273,0.09,-0.081,-0.234,-0.322,-0.316,-0.376,-0.367,-0.439,-0.474,-0.454,-0.437,-0.338,-0.239,-0.139,-0.046,0.026,-0.081,-0.077,-0.245,-0.393,-0.394,-0.425,-0.419,-0.344,-0.311,-0.307,-0.372,-0.398,-0.355,-0.371,-0.404,-0.319,-0.219,-0.048,0.091,0.147,0.084,-0.014,-0.051,-0.088,-0.102,-0.047,-0.041,-0.099,-0.025,-0.007,-0.041,-0.077,-0.098,-0.04,-0.054,-0.066,-0.081,-0.074,-0.067,-0.023,-0.08,-0.102,-0.036,0.04,0.116,0.152,0.244,0.258,0.267,0.225,0.211,0.126,0.017,-0.049,-0.168,-0.22,-0.232,-0.355,-0.42,-0.45,-0.457,-0.462,-0.482,-0.498,-0.493,-0.5,-0.502,-0.445,-0.421,-0.38,-0.341,-0.265,-0.219,-0.22,-0.16,-0.066,-0.067,-0.072,0.002,0.061,0.028,0.02,0.076,0.045,-0.014,-0.043,-0.068,-0.107,-0.15,-0.21,-0.223,-0.205,-0.267,-0.33,-0.323,-0.319,-0.379,-0.422,-0.408,-0.412,-0.455,-0.472,-0.443,-0.411,-0.34
0.008,0.061,0.07,0.154,0.27,0.305,0.397,0.417,0.471,0.495,0.578,0.642,0.695,0.742,0.774,0.802,0.817,0.879,0.927,0.972,1,0.976,0.935,0.875,0.779,0.687,0.703,0.595,0.473,0.398,0.226,0.057,-0.097,-0.198,-0.215,-0.292,-0.297,-0.362,-0.403,-0.388,-0.358,-0.269,-0.191,-0.096,-0.007,0.068,-0.04,-0.044,-0.218,-0.371,-0.367,-0.397,-0.398,-0.327,-0.289,-0.286,-0.35,-0.375,-0.342,-0.359,-0.381,-0.293,-0.191,-0.023,0.118,0.158,0.087,-0.011,-0.035,-0.059,-0.066,-0.013,-0.008,-0.066,0.008,0.033,-0.004,-0.045,-0.056,-0.007,-0.016,-0.034,-0.058,-0.069,-0.07,-0.042,-0.115,-0.144,-0.084,-0.001,0.089,0.14,0.242,0.268,0.28,0.243,0.23,0.156,0.042,-0.02,-0.139,-0.2,-0.203,-0.333,-0.397,-0.444,-0.464,-0.476,-0.49,-0.486,-0.478,-0.502,-0.499,-0.46,-0.454,-0.417,-0.377,-0.315,-0.281,-0.275,-0.217,-0.135,-0.138,-0.136,-0.065,-0.013,-0.043,-0.046,0.009,-0.019,-0.072,-0.099,-0.125,-0.161,-0.195,-0.252,-0.266,-0.247,-0.296,-0.354,-0.351,-0.338,-0.388,-0.427,-0.41,-0.406,-0.442,-0.453,-0.42,-0.396,-0.336
-0.079,-0.025,-0.014,0.067,0.182,0.233,0.332,0.355,0.405,0.417,0.495,0.55,0.607,0.65,0.676,0.712,0.724,0.789,0.858,0.927,0.976,1,0.967,0.906,0.803,0.709,0.737,0.644,0.53,0.464,0.301,0.135,-0.015,-0.121,-0.144,-0.226,-0.235,-0.296,-0.341,-0.324,-0.286,-0.196,-0.121,-0.03,0.046,0.116,0.007,-0.005,-0.178,-0.33,-0.328,-0.356,-0.364,-0.292,-0.25,-0.25,-0.325,-0.347,-0.309,-0.336,-0.362,-0.275,-0.178,-0.024,0.11,0.131,0.046,-0.046,-0.047,-0.062,-0.065,-0.017,-0.009,-0.057,0.019,0.041,0.007,-0.036,-0.043,0.002,-0.008,-0.023,-0.043,-0.057,-0.06,-0.044,-0.116,-0.144,-0.096,-0.013,0.075,0.137,0.241,0.271,0.289,0.26,0.243,0.182,0.073,0.017,-0.095,-0.153,-0.148,-0.277,-0.336,-0.391,-0.419,-0.434,-0.445,-0.43,-0.419,-0.453,-0.451,-0.428,-0.429,-0.404,-0.368,-0.317,-0.294,-0.288,-0.236,-0.166,-0.171,-0.167,-0.104,-0.058,-0.085,-0.085,-0.035,-0.059,-0.104,-0.129,-0.155,-0.187,-0.214,-0.264,-0.276,-0.256,-0.295,-0.344,-0.341,-0.325,-0.365,-0.396,-0.375,-0.369,-0.398,-0.401,-0.366,-0.347,-0.3
-0.081,-0.022,-0.003,0.079,0.196,0.265,0.367,0.398,0.442,0.447,0.505,0.537,0.589,0.611,0.62,0.657,0.65,0.721,0.788,0.864,0.935,0.967,1,0.964,0.881,0.795,0.818,0.734,0.639,0.57,0.413,0.244,0.08,-0.039,-0.083,-0.188,-0.207,-0.268,-0.318,-0.302,-0.258,-0.173,-0.116,-0.02,0.066,0.138,0.026,0.005,-0.18,-0.342,-0.337,-0.359,-0.368,-0.291,-0.24,-0.247,-0.318,-0.334,-0.306,-0.335,-0.347,-0.253,-0.148,0.01,0.145,0.163,0.083,-0.002,0.001,-0.014,-0.011,0.032,0.039,-0.019,0.051,0.082,0.037,-0.011,-0.007,0.037,0.031,0.018,-0.012,-0.038,-0.034,-0.028,-0.107,-0.144,-0.109,-0.031,0.057,0.129,0.227,0.259,0.278,0.258,0.249,0.192,0.076,0.011,-0.118,-0.195,-0.191,-0.33,-0.389,-0.454,-0.486,-0.504,-0.502,-0.478,-0.469,-0.506,-0.491,-0.469,-0.482,-0.451,-0.408,-0.363,-0.343,-0.328,-0.272,-0.206,-0.211,-0.2,-0.133,-0.09,-0.116,-0.113,-0.059,-0.08,-0.124,-0.149,-0.18,-0.214,-0.238,-0.291,-0.307,-0.285,-0.319,-0.371,-0.372,-0.351,-0.389,-0.424,-0.403,-0.39,-0.42,-0.426,-0.387,-0.375,-0.323
-0.06,0.002,0.027,0.111,0.228,0.301,0.402,0.436,0.474,0.464,0.506,0.527,0.576,0.585,0.591,0.63,0.611,0.674,0.733,0.809,0.875,0.906,0.964,1,0.958,0.895,0.888,0.815,0.712,0.612,0.462,0.271,0.087,-0.049,-0.12,-0.235,-0.265,-0.315,-0.365,-0.353,-0.293,-0.219,-0.183,-0.073,0.032,0.118,0.018,0.004,-0.161,-0.322,-0.33,-0.358,-0.369,-0.285,-0.239,-0.243,-0.307,-0.33,-0.311,-0.328,-0.33,-0.238,-0.139,0.024,0.162,0.181,0.121,0.035,0.026,0.003,0.009,0.057,0.06,-0.014,0.04,0.082,0.031,-0.013,-0.011,0.041,0.053,0.055,0.026,0.01,0.024,0.041,-0.03,-0.072,-0.045,0.023,0.088,0.14,0.221,0.242,0.252,0.222,0.211,0.147,0.026,-0.049,-0.181,-0.271,-0.26,-0.39,-0.424,-0.488,-0.509,-0.539,-0.506,-0.476,-0.474,-0.51,-0.482,-0.462,-0.483,-0.447,-0.404,-0.372,-0.355,-0.331,-0.281,-0.226,-0.227,-0.211,-0.153,-0.114,-0.133,-0.129,-0.081,-0.101,-0.141,-0.162,-0.189,-0.221,-0.242,-0.287,-0.305,-0.287,-0.315,-0.363,-0.368,-0.346,-0.376,-0.411,-0.394,-0.377,-0.4,-0.408,-0.372,-0.368,-0.326
-0.037,0.026,0.055,0.142,0.263,0.345,0.444,0.491,0.523,0.494,0.52,0.518,0.564,0.555,0.54,0.579,0.541,0.598,0.651,0.719,0.779,0.803,0.881,0.958,1,0.98,0.95,0.884,0.788,0.652,0.505,0.303,0.097,-0.053,-0.153,-0.285,-0.322,-0.36,-0.404,-0.394,-0.325,-0.265,-0.252,-0.139,-0.026,0.078,0,-0.004,-0.148,-0.311,-0.334,-0.369,-0.375,-0.292,-0.253,-0.253,-0.306,-0.339,-0.336,-0.345,-0.336,-0.262,-0.165,0.004,0.144,0.173,0.144,0.054,0.016,-0.023,-0.014,0.045,0.052,-0.042,-0.012,0.046,-0.018,-0.068,-0.064,-0.009,0.025,0.038,0.002,-0.007,0.013,0.043,-0.02,-0.056,-0.015,0.039,0.083,0.099,0.16,0.17,0.163,0.12,0.111,0.031,-0.095,-0.173,-0.305,-0.395,-0.373,-0.482,-0.485,-0.545,-0.544,-0.574,-0.497,-0.474,-0.482,-0.498,-0.442,-0.409,-0.442,-0.394,-0.344,-0.325,-0.314,-0.277,-0.23,-0.194,-0.191,-0.165,-0.119,-0.094,-0.101,-0.092,-0.055,-0.064,-0.095,-0.108,-0.133,-0.162,-0.176,-0.213,-0.238,-0.223,-0.243,-0.29,-0.301,-0.278,-0.303,-0.343,-0.334,-0.311,-0.335,-0.355,-0.323,-0.327,-0.284
-0.042,0.018,0.046,0.131,0.247,0.332,0.426,0.481,0.511,0.47,0.489,0.469,0.508,0.492,0.464,0.5,0.458,0.515,0.568,0.625,0.687,0.709,0.795,0.895,0.98,1,0.973,0.927,0.845,0.704,0.57,0.371,0.159,-0.001,-0.123,-0.266,-0.312,-0.335,-0.377,-0.37,-0.289,-0.246,-0.258,-0.147,-0.035,0.081,0.029,0.039,-0.082,-0.238,-0.266,-0.303,-0.307,-0.234,-0.206,-0.203,-0.241,-0.28,-0.294,-0.298,-0.278,-0.221,-0.134,0.026,0.161,0.184,0.164,0.074,0.029,-0.007,0.006,0.07,0.078,-0.022,-0.011,0.056,-0.014,-0.067,-0.062,-0.013,0.036,0.045,0.003,-0.005,0.014,0.044,-0.014,-0.039,0.009,0.051,0.086,0.078,0.123,0.13,0.111,0.06,0.054,-0.027,-0.149,-0.221,-0.34,-0.429,-0.394,-0.485,-0.461,-0.525,-0.521,-0.562,-0.459,-0.422,-0.436,-0.46,-0.39,-0.372,-0.42,-0.374,-0.326,-0.329,-0.329,-0.282,-0.244,-0.23,-0.225,-0.192,-0.161,-0.148,-0.145,-0.132,-0.106,-0.107,-0.129,-0.132,-0.153,-0.177,-0.179,-0.204,-0.232,-0.22,-0.226,-0.263,-0.28,-0.253,-0.264,-0.299,-0.292,-0.263,-0.277,-0.296,-0.265,-0.283,-0.255
-0.136,-0.074,-0.045,0.043,0.156,0.24,0.34,0.403,0.443,0.408,0.438,0.415,0.457,0.45,0.422,0.458,0.43,0.5,0.569,0.626,0.703,0.737,0.818,0.888,0.95,0.973,1,0.968,0.909,0.807,0.673,0.488,0.275,0.105,-0.016,-0.173,-0.225,-0.248,-0.297,-0.287,-0.197,-0.155,-0.168,-0.062,0.034,0.144,0.082,0.093,-0.044,-0.201,-0.216,-0.25,-0.25,-0.181,-0.148,-0.149,-0.194,-0.23,-0.247,-0.264,-0.246,-0.19,-0.102,0.049,0.184,0.188,0.137,0.043,0.02,-0.002,0.01,0.064,0.073,-0.019,-0.002,0.063,-0.007,-0.064,-0.055,-0.011,0.037,0.027,-0.019,-0.036,-0.022,-0.007,-0.064,-0.077,-0.022,0.017,0.062,0.06,0.114,0.131,0.119,0.076,0.068,0.004,-0.111,-0.167,-0.267,-0.347,-0.305,-0.398,-0.379,-0.461,-0.477,-0.515,-0.426,-0.373,-0.379,-0.421,-0.357,-0.36,-0.417,-0.383,-0.339,-0.352,-0.362,-0.317,-0.282,-0.277,-0.275,-0.242,-0.214,-0.206,-0.203,-0.187,-0.164,-0.162,-0.178,-0.178,-0.198,-0.22,-0.214,-0.233,-0.262,-0.248,-0.244,-0.275,-0.29,-0.258,-0.261,-0.289,-0.276,-0.244,-0.252,-0.26,-0.226,-0.247,-0.233
-0.176,-0.116,-0.092,-0.015,0.082,0.176,0.27,0.335,0.37,0.327,0.345,0.303,0.337,0.328,0.289,0.32,0.296,0.37,0.443,0.505,0.595,0.644,0.734,0.815,0.884,0.927,0.968,1,0.964,0.875,0.781,0.605,0.403,0.23,0.082,-0.082,-0.151,-0.155,-0.203,-0.202,-0.1,-0.084,-0.122,-0.034,0.046,0.145,0.102,0.103,0.001,-0.133,-0.156,-0.188,-0.196,-0.142,-0.119,-0.114,-0.151,-0.188,-0.212,-0.222,-0.2,-0.163,-0.1,0.019,0.139,0.125,0.081,0.005,-0.001,-0.007,0.016,0.06,0.069,-0.011,-0.002,0.066,0.006,-0.051,-0.045,-0.009,0.047,0.041,-0.005,-0.025,-0.011,-0.009,-0.06,-0.061,-0.025,0.001,0.036,0.03,0.072,0.087,0.07,0.029,0.019,-0.037,-0.143,-0.184,-0.264,-0.333,-0.274,-0.349,-0.306,-0.386,-0.401,-0.447,-0.342,-0.278,-0.288,-0.337,-0.267,-0.289,-0.362,-0.337,-0.296,-0.331,-0.357,-0.306,-0.282,-0.302,-0.301,-0.261,-0.249,-0.256,-0.243,-0.222,-0.211,-0.202,-0.205,-0.197,-0.212,-0.225,-0.206,-0.212,-0.241,-0.228,-0.206,-0.225,-0.243,-0.206,-0.193,-0.213,-0.2,-0.162,-0.16,-0.163,-0.13,-0.161,-0.163
-0.223,-0.164,-0.136,-0.068,0.016,0.112,0.195,0.26,0.288,0.243,0.247,0.184,0.214,0.195,0.147,0.178,0.155,0.235,0.309,0.366,0.473,0.53,0.639,0.712,0.788,0.845,0.909,0.964,1,0.953,0.885,0.753,0.565,0.401,0.25,0.071,-0.001,0.001,-0.052,-0.051,0.056,0.055,-0.007,0.059,0.12,0.197,0.156,0.157,0.056,-0.066,-0.074,-0.099,-0.107,-0.06,-0.034,-0.038,-0.069,-0.1,-0.138,-0.159,-0.133,-0.108,-0.053,0.033,0.134,0.096,0.049,-0.012,-0.005,0.01,0.032,0.05,0.06,-0.006,-0.003,0.06,0,-0.053,-0.03,-0.01,0.044,0.024,-0.027,-0.054,-0.041,-0.047,-0.089,-0.086,-0.046,-0.032,-0.005,-0.016,0.016,0.035,0.02,-0.008,-0.013,-0.047,-0.137,-0.166,-0.232,-0.296,-0.242,-0.301,-0.255,-0.343,-0.368,-0.412,-0.306,-0.232,-0.241,-0.294,-0.218,-0.252,-0.337,-0.315,-0.276,-0.326,-0.363,-0.305,-0.287,-0.323,-0.322,-0.277,-0.275,-0.29,-0.271,-0.247,-0.244,-0.228,-0.224,-0.21,-0.221,-0.232,-0.205,-0.202,-0.232,-0.221,-0.187,-0.198,-0.219,-0.18,-0.155,-0.171,-0.159,-0.116,-0.108,-0.109,-0.077,-0.115,-0.127
-0.321,-0.267,-0.244,-0.184,-0.119,-0.033,0.043,0.107,0.141,0.11,0.12,0.057,0.082,0.074,0.029,0.054,0.051,0.141,0.223,0.273,0.398,0.464,0.57,0.612,0.652,0.704,0.807,0.875,0.953,1,0.959,0.875,0.724,0.571,0.435,0.258,0.18,0.188,0.128,0.128,0.242,0.229,0.156,0.202,0.236,0.293,0.244,0.237,0.13,0.023,0.033,0.013,0,0.028,0.052,0.039,0.011,-0.007,-0.054,-0.09,-0.063,-0.038,0.008,0.062,0.149,0.078,-0.003,-0.06,-0.018,0.025,0.046,0.041,0.05,0.014,0.026,0.074,0.027,-0.018,0.009,0.012,0.056,0.011,-0.04,-0.079,-0.073,-0.093,-0.133,-0.128,-0.087,-0.074,-0.041,-0.043,-0.004,0.024,0.019,0.004,-0.001,-0.003,-0.068,-0.071,-0.106,-0.149,-0.095,-0.145,-0.109,-0.208,-0.257,-0.3,-0.222,-0.13,-0.133,-0.206,-0.143,-0.207,-0.299,-0.294,-0.266,-0.334,-0.381,-0.327,-0.321,-0.373,-0.372,-0.328,-0.338,-0.359,-0.336,-0.311,-0.316,-0.298,-0.287,-0.266,-0.273,-0.277,-0.243,-0.227,-0.254,-0.246,-0.196,-0.192,-0.214,-0.173,-0.132,-0.134,-0.12,-0.075,-0.053,-0.04,-0.01,-0.055,-0.091
-0.351,-0.306,-0.29,-0.252,-0.209,-0.113,-0.051,0.01,0.033,-0.005,-0.013,-0.091,-0.077,-0.093,-0.145,-0.125,-0.131,-0.04,0.037,0.09,0.226,0.301,0.413,0.462,0.505,0.57,0.673,0.781,0.885,0.959,1,0.952,0.848,0.719,0.565,0.4,0.312,0.341,0.286,0.274,0.389,0.344,0.241,0.252,0.257,0.284,0.254,0.241,0.174,0.101,0.11,0.095,0.074,0.079,0.089,0.084,0.074,0.056,0,-0.023,0.01,0.01,0.025,0.034,0.091,0.007,-0.056,-0.086,-0.03,0.029,0.06,0.039,0.046,0.027,0.028,0.076,0.047,0.006,0.035,0.027,0.07,0.037,-0.006,-0.049,-0.039,-0.081,-0.112,-0.103,-0.092,-0.097,-0.081,-0.08,-0.06,-0.034,-0.039,-0.043,-0.049,-0.034,-0.08,-0.064,-0.077,-0.11,-0.045,-0.069,-0.017,-0.105,-0.154,-0.201,-0.12,-0.022,-0.025,-0.103,-0.039,-0.119,-0.222,-0.226,-0.204,-0.291,-0.352,-0.295,-0.301,-0.376,-0.376,-0.329,-0.354,-0.388,-0.358,-0.328,-0.344,-0.32,-0.296,-0.268,-0.27,-0.266,-0.22,-0.192,-0.217,-0.211,-0.146,-0.128,-0.152,-0.109,-0.053,-0.046,-0.034,0.015,0.046,0.064,0.09,0.036,-0.014
-0.388,-0.361,-0.355,-0.337,-0.315,-0.227,-0.185,-0.131,-0.114,-0.146,-0.161,-0.242,-0.235,-0.251,-0.3,-0.285,-0.279,-0.193,-0.12,-0.081,0.057,0.135,0.244,0.271,0.303,0.371,0.488,0.605,0.753,0.875,0.952,1,0.946,0.855,0.727,0.573,0.494,0.526,0.473,0.463,0.565,0.511,0.403,0.38,0.348,0.331,0.312,0.289,0.231,0.188,0.223,0.224,0.213,0.2,0.207,0.2,0.203,0.19,0.131,0.103,0.132,0.119,0.115,0.08,0.103,-0.007,-0.078,-0.089,-0.013,0.066,0.096,0.047,0.05,0.056,0.061,0.093,0.071,0.046,0.087,0.058,0.088,0.043,0.003,-0.039,-0.029,-0.082,-0.112,-0.105,-0.096,-0.1,-0.082,-0.082,-0.069,-0.039,-0.042,-0.037,-0.039,-0.002,-0.018,0.02,0.032,0.017,0.077,0.071,0.109,0.014,-0.054,-0.094,-0.042,0.066,0.071,-0.018,0.028,-0.073,-0.173,-0.194,-0.185,-0.28,-0.346,-0.296,-0.312,-0.395,-0.395,-0.353,-0.385,-0.422,-0.393,-0.365,-0.385,-0.359,-0.329,-0.298,-0.297,-0.29,-0.24,-0.205,-0.224,-0.22,-0.147,-0.117,-0.139,-0.098,-0.033,-0.014,0,0.047,0.087,0.116,0.139,0.083,0.02
-0.385,-0.378,-0.387,-0.396,-0.402,-0.32,-0.299,-0.261,-0.254,-0.278,-0.301,-0.378,-0.378,-0.396,-0.438,-0.429,-0.419,-0.337,-0.274,-0.234,-0.097,-0.015,0.08,0.087,0.097,0.159,0.275,0.403,0.565,0.724,0.848,0.946,1,0.962,0.864,0.768,0.69,0.732,0.686,0.658,0.732,0.645,0.522,0.442,0.359,0.293,0.284,0.263,0.239,0.241,0.281,0.29,0.273,0.225,0.217,0.224,0.241,0.231,0.178,0.164,0.192,0.167,0.131,0.05,0.04,-0.084,-0.157,-0.146,-0.047,0.055,0.09,0.021,0.019,0.061,0.069,0.083,0.087,0.072,0.109,0.059,0.071,0.03,0.006,-0.037,-0.029,-0.095,-0.121,-0.117,-0.127,-0.132,-0.122,-0.11,-0.1,-0.07,-0.067,-0.049,-0.053,0.01,0.02,0.08,0.12,0.126,0.185,0.202,0.236,0.157,0.084,0.049,0.072,0.175,0.179,0.092,0.124,0.013,-0.08,-0.109,-0.114,-0.215,-0.282,-0.241,-0.27,-0.36,-0.359,-0.324,-0.367,-0.406,-0.374,-0.348,-0.374,-0.35,-0.316,-0.282,-0.274,-0.262,-0.21,-0.167,-0.179,-0.181,-0.102,-0.059,-0.081,-0.047,0.027,0.056,0.065,0.107,0.156,0.19,0.203,0.146,0.069
-0.383,-0.386,-0.398,-0.423,-0.44,-0.374,-0.369,-0.349,-0.351,-0.366,-0.395,-0.456,-0.461,-0.477,-0.5,-0.492,-0.476,-0.404,-0.354,-0.322,-0.198,-0.121,-0.039,-0.049,-0.053,-0.001,0.105,0.23,0.401,0.571,0.719,0.855,0.962,1,0.946,0.872,0.822,0.856,0.816,0.792,0.833,0.744,0.626,0.511,0.398,0.291,0.282,0.262,0.237,0.257,0.31,0.324,0.307,0.252,0.243,0.252,0.273,0.262,0.213,0.207,0.224,0.19,0.141,0.03,-0.004,-0.134,-0.202,-0.176,-0.074,0.041,0.07,-0.02,-0.026,0.032,0.048,0.051,0.07,0.071,0.116,0.064,0.073,0.038,0.028,-0.012,-0.003,-0.077,-0.102,-0.102,-0.122,-0.124,-0.118,-0.099,-0.095,-0.069,-0.063,-0.038,-0.048,0.023,0.045,0.116,0.166,0.189,0.24,0.271,0.287,0.218,0.141,0.118,0.113,0.209,0.221,0.141,0.158,0.05,-0.034,-0.074,-0.079,-0.17,-0.239,-0.207,-0.233,-0.318,-0.323,-0.292,-0.331,-0.37,-0.344,-0.318,-0.341,-0.316,-0.281,-0.248,-0.243,-0.231,-0.18,-0.142,-0.149,-0.147,-0.072,-0.031,-0.047,-0.013,0.054,0.084,0.098,0.135,0.177,0.214,0.229,0.183,0.113
-0.377,-0.385,-0.394,-0.425,-0.446,-0.408,-0.418,-0.421,-0.427,-0.421,-0.442,-0.474,-0.473,-0.482,-0.478,-0.466,-0.437,-0.379,-0.34,-0.316,-0.215,-0.144,-0.083,-0.12,-0.153,-0.123,-0.016,0.082,0.25,0.435,0.565,0.727,0.864,0.946,1,0.964,0.942,0.927,0.871,0.855,0.862,0.794,0.718,0.597,0.465,0.32,0.282,0.257,0.2,0.231,0.31,0.332,0.325,0.272,0.271,0.274,0.286,0.283,0.246,0.232,0.234,0.215,0.179,0.052,0,-0.143,-0.226,-0.203,-0.099,0.023,0.038,-0.074,-0.085,-0.012,0.02,0.003,0.031,0.047,0.1,0.049,0.04,0.003,0.003,-0.029,-0.012,-0.084,-0.106,-0.116,-0.138,-0.123,-0.106,-0.068,-0.055,-0.027,-0.007,0.031,0.016,0.097,0.129,0.2,0.255,0.288,0.316,0.344,0.314,0.24,0.147,0.148,0.095,0.179,0.209,0.14,0.129,0.035,-0.026,-0.072,-0.08,-0.141,-0.198,-0.184,-0.201,-0.258,-0.269,-0.251,-0.274,-0.3,-0.286,-0.267,-0.279,-0.264,-0.241,-0.216,-0.212,-0.205,-0.166,-0.143,-0.143,-0.136,-0.08,-0.048,-0.055,-0.027,0.022,0.05,0.07,0.095,0.126,0.165,0.183,0.158,0.105
-0.318,-0.339,-0.357,-0.405,-0.446,-0.421,-0.449,-0.467,-0.482,-0.469,-0.491,-0.511,-0.513,-0.52,-0.51,-0.501,-0.471,-0.426,-0.401,-0.376,-0.292,-0.226,-0.188,-0.235,-0.285,-0.266,-0.173,-0.082,0.071,0.258,0.4,0.573,0.768,0.872,0.964,1,0.98,0.96,0.911,0.877,0.855,0.769,0.702,0.554,0.398,0.23,0.201,0.185,0.163,0.231,0.306,0.332,0.321,0.246,0.235,0.247,0.267,0.27,0.245,0.242,0.245,0.225,0.173,0.027,-0.044,-0.182,-0.259,-0.223,-0.114,0.009,0.025,-0.091,-0.105,-0.013,0.019,-0.013,0.031,0.054,0.096,0.035,0.01,-0.019,-0.005,-0.03,-0.015,-0.085,-0.098,-0.11,-0.148,-0.134,-0.126,-0.08,-0.067,-0.043,-0.015,0.032,0.015,0.111,0.159,0.235,0.307,0.35,0.37,0.411,0.376,0.32,0.233,0.241,0.168,0.236,0.263,0.205,0.18,0.094,0.053,0.006,-0.014,-0.068,-0.114,-0.111,-0.137,-0.188,-0.195,-0.188,-0.214,-0.235,-0.222,-0.21,-0.226,-0.217,-0.198,-0.175,-0.164,-0.153,-0.122,-0.096,-0.089,-0.089,-0.039,-0.002,-0.006,0.01,0.058,0.09,0.102,0.119,0.152,0.191,0.197,0.177,0.119
-0.321,-0.344,-0.358,-0.406,-0.445,-0.431,-0.46,-0.489,-0.506,-0.488,-0.507,-0.511,-0.51,-0.516,-0.49,-0.477,-0.444,-0.409,-0.388,-0.367,-0.297,-0.235,-0.207,-0.265,-0.322,-0.312,-0.225,-0.151,-0.001,0.18,0.312,0.494,0.69,0.822,0.942,0.98,1,0.97,0.928,0.913,0.868,0.805,0.756,0.605,0.446,0.266,0.232,0.217,0.174,0.232,0.315,0.343,0.339,0.275,0.271,0.282,0.292,0.291,0.277,0.272,0.258,0.235,0.184,0.031,-0.047,-0.188,-0.271,-0.232,-0.123,0.001,0.009,-0.114,-0.127,-0.032,0.007,-0.031,0.014,0.042,0.087,0.032,0.009,-0.017,0.003,-0.013,0.002,-0.066,-0.082,-0.098,-0.129,-0.106,-0.093,-0.045,-0.031,-0.01,0.021,0.066,0.046,0.134,0.178,0.251,0.315,0.361,0.372,0.412,0.361,0.301,0.208,0.227,0.14,0.205,0.241,0.188,0.155,0.076,0.04,-0.009,-0.024,-0.066,-0.11,-0.112,-0.129,-0.17,-0.182,-0.176,-0.194,-0.212,-0.206,-0.193,-0.203,-0.192,-0.175,-0.154,-0.149,-0.143,-0.114,-0.097,-0.09,-0.084,-0.042,-0.013,-0.013,0.005,0.042,0.07,0.089,0.102,0.126,0.165,0.177,0.167,0.122
-0.338,-0.366,-0.388,-0.443,-0.498,-0.472,-0.506,-0.526,-0.545,-0.535,-0.555,-0.57,-0.573,-0.58,-0.565,-0.556,-0.526,-0.488,-0.459,-0.439,-0.362,-0.296,-0.268,-0.315,-0.36,-0.335,-0.248,-0.155,0.001,0.188,0.341,0.526,0.732,0.856,0.927,0.96,0.97,1,0.986,0.968,0.941,0.857,0.775,0.611,0.445,0.282,0.281,0.269,0.265,0.332,0.392,0.414,0.397,0.313,0.288,0.305,0.327,0.318,0.296,0.304,0.297,0.251,0.172,0.008,-0.074,-0.211,-0.291,-0.256,-0.152,-0.031,-0.012,-0.116,-0.125,-0.031,-0.012,-0.048,-0.002,0.024,0.063,-0.003,-0.015,-0.041,-0.015,-0.031,-0.025,-0.092,-0.097,-0.097,-0.127,-0.121,-0.12,-0.094,-0.089,-0.071,-0.055,-0.02,-0.039,0.051,0.106,0.191,0.277,0.332,0.358,0.425,0.412,0.369,0.294,0.297,0.238,0.305,0.326,0.269,0.252,0.158,0.11,0.062,0.038,-0.032,-0.085,-0.078,-0.112,-0.182,-0.187,-0.176,-0.217,-0.248,-0.228,-0.213,-0.239,-0.221,-0.19,-0.16,-0.147,-0.133,-0.093,-0.056,-0.051,-0.054,0.006,0.052,0.045,0.061,0.118,0.156,0.165,0.182,0.223,0.261,0.263,0.234,0.162
-0.319,-0.352,-0.377,-0.438,-0.501,-0.473,-0.511,-0.531,-0.55,-0.542,-0.563,-0.58,-0.587,-0.593,-0.582,-0.578,-0.552,-0.519,-0.492,-0.474,-0.403,-0.341,-0.318,-0.365,-0.404,-0.377,-0.297,-0.203,-0.052,0.128,0.286,0.473,0.686,0.816,0.871,0.911,0.928,0.986,1,0.984,0.942,0.851,0.758,0.581,0.411,0.254,0.273,0.267,0.283,0.354,0.4,0.423,0.405,0.314,0.282,0.305,0.331,0.319,0.3,0.319,0.311,0.249,0.153,-0.018,-0.106,-0.231,-0.303,-0.265,-0.17,-0.059,-0.039,-0.132,-0.142,-0.048,-0.037,-0.074,-0.027,-0.002,0.033,-0.036,-0.044,-0.062,-0.03,-0.041,-0.038,-0.105,-0.105,-0.098,-0.131,-0.133,-0.138,-0.121,-0.122,-0.107,-0.098,-0.069,-0.087,-0.001,0.057,0.148,0.241,0.304,0.338,0.419,0.42,0.391,0.329,0.334,0.284,0.341,0.355,0.308,0.298,0.208,0.16,0.114,0.089,0.014,-0.041,-0.032,-0.071,-0.149,-0.152,-0.14,-0.188,-0.224,-0.201,-0.185,-0.217,-0.194,-0.157,-0.123,-0.11,-0.094,-0.051,-0.009,-0.004,-0.01,0.053,0.103,0.094,0.107,0.167,0.205,0.21,0.227,0.268,0.303,0.3,0.267,0.19
-0.349,-0.38,-0.403,-0.462,-0.52,-0.499,-0.538,-0.561,-0.58,-0.571,-0.588,-0.594,-0.597,-0.598,-0.574,-0.564,-0.532,-0.502,-0.47,-0.454,-0.388,-0.324,-0.302,-0.353,-0.394,-0.37,-0.287,-0.202,-0.051,0.128,0.274,0.463,0.658,0.792,0.855,0.877,0.913,0.968,0.984,1,0.964,0.91,0.831,0.674,0.511,0.358,0.367,0.356,0.342,0.389,0.441,0.463,0.446,0.366,0.336,0.352,0.372,0.359,0.341,0.354,0.339,0.281,0.193,0.03,-0.056,-0.184,-0.266,-0.236,-0.14,-0.034,-0.024,-0.119,-0.128,-0.038,-0.028,-0.068,-0.03,0.001,0.043,-0.021,-0.021,-0.04,-0.005,-0.013,-0.015,-0.081,-0.086,-0.082,-0.109,-0.104,-0.102,-0.087,-0.085,-0.072,-0.061,-0.033,-0.054,0.03,0.085,0.173,0.263,0.322,0.351,0.431,0.423,0.382,0.31,0.315,0.26,0.329,0.348,0.292,0.276,0.178,0.13,0.079,0.053,-0.022,-0.077,-0.069,-0.107,-0.183,-0.186,-0.176,-0.221,-0.256,-0.235,-0.22,-0.25,-0.226,-0.189,-0.155,-0.146,-0.13,-0.088,-0.047,-0.042,-0.046,0.016,0.066,0.058,0.074,0.134,0.174,0.182,0.2,0.242,0.282,0.282,0.25,0.171
-0.398,-0.425,-0.449,-0.503,-0.561,-0.536,-0.57,-0.585,-0.599,-0.598,-0.61,-0.621,-0.62,-0.616,-0.592,-0.579,-0.539,-0.499,-0.451,-0.437,-0.358,-0.286,-0.258,-0.293,-0.325,-0.289,-0.197,-0.1,0.056,0.242,0.389,0.565,0.732,0.833,0.862,0.855,0.868,0.941,0.942,0.964,1,0.955,0.863,0.74,0.593,0.47,0.475,0.455,0.441,0.476,0.523,0.53,0.499,0.416,0.374,0.382,0.406,0.391,0.358,0.363,0.358,0.309,0.228,0.082,0.012,-0.123,-0.221,-0.21,-0.109,0,0.018,-0.061,-0.064,0.017,0.01,-0.027,0.004,0.038,0.079,0.016,0.025,-0.006,0.02,0.005,-0.008,-0.068,-0.068,-0.055,-0.066,-0.066,-0.065,-0.062,-0.063,-0.05,-0.047,-0.027,-0.047,0.038,0.099,0.187,0.287,0.332,0.361,0.443,0.46,0.412,0.336,0.313,0.28,0.374,0.383,0.299,0.289,0.164,0.105,0.05,0.012,-0.087,-0.144,-0.132,-0.185,-0.276,-0.272,-0.26,-0.319,-0.356,-0.326,-0.313,-0.352,-0.329,-0.288,-0.252,-0.235,-0.213,-0.164,-0.108,-0.104,-0.116,-0.038,0.026,0.012,0.028,0.109,0.16,0.165,0.189,0.25,0.299,0.296,0.246,0.139
-0.443,-0.469,-0.491,-0.537,-0.576,-0.56,-0.582,-0.595,-0.602,-0.604,-0.601,-0.588,-0.576,-0.558,-0.513,-0.49,-0.441,-0.407,-0.351,-0.338,-0.269,-0.196,-0.173,-0.219,-0.265,-0.246,-0.155,-0.084,0.055,0.229,0.344,0.511,0.645,0.744,0.794,0.769,0.805,0.857,0.851,0.91,0.955,1,0.961,0.892,0.77,0.642,0.617,0.57,0.499,0.49,0.547,0.55,0.516,0.456,0.423,0.415,0.423,0.414,0.392,0.381,0.366,0.342,0.285,0.166,0.109,-0.02,-0.138,-0.14,-0.036,0.059,0.065,-0.009,-0.01,0.061,0.06,0.017,0.034,0.073,0.117,0.072,0.079,0.049,0.078,0.065,0.047,-0.017,-0.03,-0.032,-0.044,-0.027,-0.003,0.02,0.032,0.048,0.061,0.081,0.059,0.14,0.187,0.266,0.347,0.376,0.392,0.451,0.441,0.373,0.276,0.254,0.203,0.314,0.337,0.232,0.205,0.071,0.015,-0.048,-0.086,-0.172,-0.227,-0.221,-0.265,-0.339,-0.338,-0.33,-0.374,-0.401,-0.382,-0.373,-0.398,-0.377,-0.342,-0.315,-0.309,-0.29,-0.246,-0.2,-0.196,-0.201,-0.131,-0.074,-0.081,-0.06,0.013,0.064,0.08,0.104,0.16,0.219,0.227,0.183,0.085
-0.468,-0.497,-0.52,-0.557,-0.58,-0.577,-0.584,-0.598,-0.598,-0.595,-0.572,-0.537,-0.512,-0.481,-0.42,-0.391,-0.332,-0.31,-0.252,-0.239,-0.191,-0.121,-0.116,-0.183,-0.252,-0.258,-0.168,-0.122,-0.007,0.156,0.241,0.403,0.522,0.626,0.718,0.702,0.756,0.775,0.758,0.831,0.863,0.961,1,0.95,0.833,0.69,0.64,0.575,0.471,0.443,0.507,0.512,0.481,0.438,0.419,0.404,0.393,0.393,0.392,0.365,0.333,0.327,0.286,0.178,0.125,-0.001,-0.131,-0.134,-0.021,0.067,0.064,-0.01,-0.008,0.066,0.08,0.027,0.045,0.084,0.122,0.09,0.083,0.052,0.085,0.08,0.063,-0.001,-0.012,-0.017,-0.026,0.008,0.051,0.091,0.116,0.132,0.152,0.174,0.15,0.221,0.262,0.335,0.4,0.429,0.433,0.473,0.431,0.357,0.25,0.24,0.16,0.265,0.303,0.197,0.149,0.022,-0.019,-0.09,-0.125,-0.186,-0.234,-0.242,-0.273,-0.322,-0.329,-0.329,-0.355,-0.371,-0.366,-0.361,-0.372,-0.356,-0.327,-0.312,-0.315,-0.299,-0.265,-0.233,-0.225,-0.222,-0.168,-0.122,-0.12,-0.098,-0.042,0.006,0.033,0.05,0.094,0.157,0.173,0.147,0.069
-0.467,-0.485,-0.502,-0.525,-0.532,-0.536,-0.536,-0.546,-0.538,-0.537,-0.506,-0.46,-0.432,-0.396,-0.327,-0.295,-0.233,-0.211,-0.149,-0.139,-0.096,-0.03,-0.02,-0.073,-0.139,-0.147,-0.062,-0.034,0.059,0.202,0.252,0.38,0.442,0.511,0.597,0.554,0.605,0.611,0.581,0.674,0.74,0.892,0.95,1,0.943,0.837,0.769,0.685,0.55,0.483,0.546,0.537,0.494,0.47,0.45,0.409,0.392,0.403,0.39,0.345,0.325,0.355,0.348,0.294,0.271,0.158,0.016,-0.019,0.08,0.142,0.132,0.078,0.082,0.126,0.13,0.084,0.083,0.125,0.165,0.152,0.151,0.117,0.142,0.138,0.12,0.065,0.051,0.042,0.033,0.065,0.12,0.163,0.185,0.202,0.221,0.238,0.216,0.281,0.313,0.369,0.423,0.425,0.419,0.432,0.381,0.287,0.168,0.144,0.068,0.196,0.237,0.107,0.056,-0.08,-0.122,-0.191,-0.229,-0.288,-0.329,-0.337,-0.365,-0.404,-0.408,-0.409,-0.427,-0.434,-0.433,-0.431,-0.434,-0.424,-0.402,-0.394,-0.401,-0.387,-0.357,-0.329,-0.323,-0.32,-0.269,-0.226,-0.224,-0.2,-0.143,-0.094,-0.065,-0.045,0.002,0.071,0.091,0.061,-0.018
-0.414,-0.42,-0.43,-0.438,-0.43,-0.434,-0.427,-0.43,-0.417,-0.419,-0.389,-0.345,-0.32,-0.288,-0.219,-0.189,-0.135,-0.111,-0.051,-0.046,-0.007,0.046,0.066,0.032,-0.026,-0.035,0.034,0.046,0.12,0.236,0.257,0.348,0.359,0.398,0.465,0.398,0.446,0.445,0.411,0.511,0.593,0.77,0.833,0.943,1,0.927,0.844,0.738,0.572,0.472,0.536,0.533,0.486,0.492,0.478,0.411,0.382,0.402,0.373,0.311,0.298,0.345,0.365,0.351,0.358,0.26,0.111,0.054,0.142,0.181,0.168,0.129,0.133,0.152,0.163,0.13,0.113,0.145,0.181,0.182,0.186,0.145,0.161,0.155,0.14,0.091,0.065,0.046,0.049,0.08,0.143,0.187,0.214,0.237,0.255,0.266,0.25,0.303,0.315,0.344,0.37,0.34,0.331,0.316,0.261,0.159,0.041,0.008,-0.05,0.082,0.124,-0.01,-0.051,-0.178,-0.224,-0.281,-0.307,-0.36,-0.397,-0.396,-0.413,-0.441,-0.444,-0.44,-0.445,-0.447,-0.451,-0.448,-0.439,-0.431,-0.415,-0.413,-0.428,-0.419,-0.393,-0.373,-0.375,-0.368,-0.324,-0.292,-0.293,-0.265,-0.216,-0.177,-0.148,-0.123,-0.082,-0.019,0.007,-0.023,-0.091
-0.339,-0.336,-0.352,-0.351,-0.348,-0.354,-0.348,-0.343,-0.323,-0.32,-0.281,-0.248,-0.228,-0.189,-0.138,-0.119,-0.066,-0.038,0.031,0.026,0.068,0.116,0.138,0.118,0.078,0.081,0.144,0.145,0.197,0.293,0.284,0.331,0.293,0.291,0.32,0.23,0.266,0.282,0.254,0.358,0.47,0.642,0.69,0.837,0.927,1,0.943,0.847,0.682,0.549,0.583,0.572,0.504,0.502,0.478,0.392,0.371,0.406,0.36,0.288,0.302,0.358,0.392,0.414,0.438,0.354,0.208,0.125,0.192,0.218,0.206,0.199,0.212,0.214,0.199,0.174,0.14,0.171,0.201,0.191,0.198,0.142,0.137,0.116,0.093,0.055,0.032,0.027,0.046,0.072,0.148,0.174,0.187,0.22,0.214,0.212,0.219,0.259,0.276,0.287,0.314,0.263,0.244,0.22,0.199,0.104,0.003,-0.056,-0.078,0.058,0.074,-0.067,-0.085,-0.217,-0.267,-0.307,-0.34,-0.413,-0.438,-0.425,-0.455,-0.492,-0.481,-0.475,-0.491,-0.49,-0.484,-0.484,-0.485,-0.48,-0.469,-0.461,-0.467,-0.457,-0.43,-0.4,-0.406,-0.413,-0.362,-0.322,-0.336,-0.314,-0.251,-0.21,-0.197,-0.166,-0.111,-0.053,-0.039,-0.09,-0.173
-0.255,-0.269,-0.301,-0.316,-0.333,-0.335,-0.351,-0.348,-0.336,-0.345,-0.314,-0.298,-0.284,-0.252,-0.215,-0.2,-0.153,-0.131,-0.062,-0.081,-0.04,0.007,0.026,0.018,0,0.029,0.082,0.102,0.156,0.244,0.254,0.312,0.284,0.282,0.282,0.201,0.232,0.281,0.273,0.367,0.475,0.617,0.64,0.769,0.844,0.943,1,0.94,0.848,0.734,0.744,0.725,0.645,0.614,0.553,0.466,0.47,0.5,0.435,0.374,0.4,0.429,0.434,0.443,0.452,0.374,0.245,0.164,0.213,0.232,0.228,0.238,0.254,0.255,0.22,0.191,0.155,0.191,0.215,0.189,0.202,0.151,0.146,0.129,0.095,0.059,0.048,0.065,0.074,0.076,0.135,0.134,0.121,0.151,0.126,0.115,0.131,0.171,0.205,0.218,0.263,0.208,0.194,0.199,0.229,0.158,0.078,-0.011,0.003,0.143,0.135,-0.019,-0.024,-0.172,-0.228,-0.264,-0.309,-0.409,-0.434,-0.414,-0.463,-0.522,-0.501,-0.494,-0.528,-0.536,-0.519,-0.519,-0.532,-0.523,-0.505,-0.489,-0.485,-0.471,-0.437,-0.388,-0.396,-0.415,-0.349,-0.293,-0.315,-0.299,-0.216,-0.165,-0.166,-0.131,-0.058,0,0,-0.073,-0.181
-0.248,-0.258,-0.281,-0.29,-0.304,-0.321,-0.34,-0.343,-0.332,-0.352,-0.321,-0.3,-0.28,-0.249,-0.203,-0.179,-0.128,-0.11,-0.047,-0.077,-0.044,-0.005,0.005,0.004,-0.004,0.039,0.093,0.103,0.157,0.237,0.241,0.289,0.263,0.262,0.257,0.185,0.217,0.269,0.267,0.356,0.455,0.57,0.575,0.685,0.738,0.847,0.94,1,0.922,0.81,0.819,0.787,0.714,0.685,0.612,0.532,0.537,0.549,0.474,0.412,0.428,0.443,0.443,0.454,0.467,0.381,0.246,0.159,0.203,0.223,0.212,0.215,0.23,0.227,0.194,0.164,0.118,0.156,0.184,0.162,0.191,0.138,0.14,0.133,0.099,0.082,0.084,0.108,0.13,0.125,0.147,0.121,0.104,0.122,0.108,0.097,0.097,0.143,0.172,0.187,0.24,0.183,0.174,0.195,0.252,0.181,0.107,0.005,0.034,0.182,0.165,0.006,0,-0.154,-0.209,-0.247,-0.3,-0.407,-0.43,-0.411,-0.468,-0.532,-0.508,-0.503,-0.544,-0.551,-0.53,-0.532,-0.556,-0.546,-0.531,-0.507,-0.497,-0.481,-0.446,-0.387,-0.396,-0.42,-0.351,-0.289,-0.313,-0.3,-0.211,-0.154,-0.157,-0.123,-0.044,0.018,0.015,-0.062,-0.187
-0.179,-0.205,-0.241,-0.268,-0.312,-0.33,-0.367,-0.377,-0.378,-0.405,-0.386,-0.384,-0.379,-0.352,-0.325,-0.314,-0.266,-0.259,-0.203,-0.245,-0.218,-0.178,-0.18,-0.161,-0.148,-0.082,-0.044,0.001,0.056,0.13,0.174,0.231,0.239,0.237,0.2,0.163,0.174,0.265,0.283,0.342,0.441,0.499,0.471,0.55,0.572,0.682,0.848,0.922,1,0.962,0.925,0.878,0.785,0.715,0.609,0.533,0.559,0.573,0.491,0.439,0.464,0.452,0.409,0.379,0.372,0.287,0.18,0.108,0.144,0.17,0.179,0.205,0.227,0.236,0.171,0.138,0.106,0.15,0.162,0.119,0.142,0.094,0.098,0.099,0.054,0.054,0.098,0.158,0.163,0.117,0.104,0.044,-0.01,-0.006,-0.039,-0.054,-0.05,0.011,0.074,0.109,0.203,0.166,0.173,0.234,0.349,0.323,0.284,0.165,0.226,0.361,0.324,0.172,0.175,0.01,-0.049,-0.093,-0.16,-0.293,-0.326,-0.305,-0.386,-0.483,-0.454,-0.447,-0.519,-0.544,-0.507,-0.509,-0.554,-0.537,-0.505,-0.474,-0.448,-0.418,-0.371,-0.287,-0.293,-0.328,-0.24,-0.156,-0.183,-0.177,-0.067,0.003,-0.01,0.025,0.119,0.181,0.163,0.069,-0.084
-0.148,-0.186,-0.228,-0.275,-0.349,-0.379,-0.44,-0.461,-0.473,-0.493,-0.485,-0.489,-0.498,-0.473,-0.446,-0.445,-0.391,-0.389,-0.344,-0.393,-0.371,-0.33,-0.342,-0.322,-0.311,-0.238,-0.201,-0.133,-0.066,0.023,0.101,0.188,0.241,0.257,0.231,0.231,0.232,0.332,0.354,0.389,0.476,0.49,0.443,0.483,0.472,0.549,0.734,0.81,0.962,1,0.964,0.923,0.835,0.744,0.628,0.558,0.596,0.612,0.528,0.482,0.506,0.48,0.413,0.337,0.303,0.205,0.11,0.058,0.107,0.154,0.173,0.188,0.207,0.235,0.162,0.122,0.107,0.159,0.168,0.11,0.123,0.072,0.078,0.082,0.034,0.039,0.105,0.173,0.169,0.108,0.077,0.008,-0.061,-0.061,-0.094,-0.102,-0.098,-0.02,0.072,0.123,0.246,0.231,0.239,0.324,0.449,0.442,0.412,0.299,0.352,0.475,0.437,0.297,0.291,0.122,0.07,0.016,-0.061,-0.201,-0.238,-0.224,-0.317,-0.426,-0.396,-0.394,-0.479,-0.512,-0.471,-0.474,-0.53,-0.512,-0.474,-0.439,-0.404,-0.365,-0.314,-0.22,-0.219,-0.259,-0.165,-0.069,-0.095,-0.094,0.023,0.101,0.084,0.115,0.215,0.28,0.254,0.16,-0.006
-0.164,-0.202,-0.24,-0.292,-0.364,-0.395,-0.464,-0.493,-0.507,-0.525,-0.519,-0.514,-0.519,-0.5,-0.457,-0.448,-0.388,-0.382,-0.34,-0.394,-0.367,-0.328,-0.337,-0.33,-0.334,-0.266,-0.216,-0.156,-0.074,0.033,0.11,0.223,0.281,0.31,0.31,0.306,0.315,0.392,0.4,0.441,0.523,0.547,0.507,0.546,0.536,0.583,0.744,0.819,0.925,0.964,1,0.972,0.912,0.84,0.732,0.666,0.702,0.71,0.621,0.57,0.585,0.567,0.513,0.43,0.387,0.268,0.159,0.109,0.177,0.238,0.252,0.24,0.249,0.282,0.23,0.187,0.165,0.221,0.247,0.192,0.203,0.145,0.147,0.147,0.105,0.098,0.139,0.18,0.183,0.144,0.127,0.074,0.019,0.027,0.011,0.014,0.014,0.101,0.186,0.237,0.35,0.322,0.317,0.386,0.479,0.443,0.377,0.266,0.291,0.436,0.411,0.248,0.223,0.038,-0.008,-0.07,-0.155,-0.288,-0.318,-0.312,-0.404,-0.497,-0.469,-0.474,-0.548,-0.569,-0.536,-0.545,-0.593,-0.582,-0.552,-0.522,-0.489,-0.453,-0.408,-0.319,-0.316,-0.355,-0.265,-0.168,-0.192,-0.191,-0.075,0.009,-0.004,0.026,0.13,0.206,0.184,0.093,-0.078
-0.185,-0.229,-0.267,-0.322,-0.39,-0.418,-0.488,-0.512,-0.523,-0.539,-0.53,-0.53,-0.538,-0.519,-0.48,-0.475,-0.418,-0.412,-0.369,-0.425,-0.397,-0.356,-0.359,-0.358,-0.369,-0.303,-0.25,-0.188,-0.099,0.013,0.095,0.224,0.29,0.324,0.332,0.332,0.343,0.414,0.423,0.463,0.53,0.55,0.512,0.537,0.533,0.572,0.725,0.787,0.878,0.923,0.972,1,0.967,0.909,0.828,0.763,0.793,0.815,0.733,0.676,0.689,0.664,0.605,0.487,0.416,0.276,0.168,0.137,0.216,0.285,0.302,0.28,0.284,0.324,0.277,0.235,0.213,0.261,0.294,0.232,0.235,0.168,0.165,0.158,0.112,0.093,0.13,0.17,0.165,0.13,0.127,0.091,0.036,0.054,0.044,0.06,0.07,0.165,0.251,0.3,0.404,0.363,0.352,0.408,0.487,0.444,0.367,0.26,0.266,0.416,0.402,0.232,0.195,0.007,-0.035,-0.105,-0.189,-0.313,-0.344,-0.344,-0.43,-0.513,-0.49,-0.497,-0.561,-0.579,-0.555,-0.564,-0.605,-0.596,-0.566,-0.541,-0.513,-0.478,-0.434,-0.352,-0.348,-0.382,-0.296,-0.203,-0.223,-0.219,-0.108,-0.025,-0.031,-0.003,0.098,0.179,0.162,0.078,-0.087
-0.219,-0.269,-0.302,-0.351,-0.404,-0.43,-0.495,-0.51,-0.514,-0.532,-0.519,-0.518,-0.523,-0.508,-0.467,-0.458,-0.403,-0.399,-0.359,-0.419,-0.398,-0.364,-0.368,-0.369,-0.375,-0.307,-0.25,-0.196,-0.107,0,0.074,0.213,0.273,0.307,0.325,0.321,0.339,0.397,0.405,0.446,0.499,0.516,0.481,0.494,0.486,0.504,0.645,0.714,0.785,0.835,0.912,0.967,1,0.966,0.904,0.868,0.897,0.897,0.826,0.781,0.775,0.727,0.661,0.518,0.419,0.268,0.176,0.164,0.239,0.308,0.325,0.292,0.29,0.324,0.285,0.25,0.222,0.261,0.303,0.249,0.26,0.196,0.189,0.189,0.148,0.124,0.153,0.194,0.2,0.173,0.176,0.138,0.088,0.106,0.102,0.117,0.118,0.206,0.278,0.327,0.418,0.379,0.373,0.423,0.484,0.423,0.331,0.238,0.229,0.384,0.386,0.215,0.165,-0.021,-0.058,-0.136,-0.217,-0.325,-0.359,-0.366,-0.441,-0.512,-0.498,-0.507,-0.559,-0.575,-0.56,-0.568,-0.602,-0.592,-0.563,-0.539,-0.519,-0.488,-0.446,-0.374,-0.369,-0.395,-0.317,-0.232,-0.245,-0.237,-0.137,-0.056,-0.052,-0.027,0.064,0.15,0.142,0.071,-0.081
-0.258,-0.297,-0.312,-0.346,-0.376,-0.407,-0.458,-0.471,-0.471,-0.495,-0.479,-0.47,-0.469,-0.455,-0.403,-0.387,-0.332,-0.328,-0.288,-0.344,-0.327,-0.292,-0.291,-0.285,-0.292,-0.234,-0.181,-0.142,-0.06,0.028,0.079,0.2,0.225,0.252,0.272,0.246,0.275,0.313,0.314,0.366,0.416,0.456,0.438,0.47,0.492,0.502,0.614,0.685,0.715,0.744,0.84,0.909,0.966,1,0.969,0.931,0.921,0.914,0.86,0.795,0.762,0.724,0.68,0.548,0.457,0.299,0.197,0.188,0.273,0.337,0.342,0.296,0.29,0.315,0.297,0.268,0.23,0.264,0.316,0.285,0.309,0.249,0.242,0.249,0.212,0.195,0.217,0.244,0.262,0.244,0.238,0.206,0.166,0.178,0.191,0.21,0.202,0.282,0.329,0.362,0.423,0.367,0.353,0.378,0.42,0.34,0.238,0.151,0.136,0.299,0.315,0.142,0.084,-0.094,-0.129,-0.21,-0.281,-0.371,-0.405,-0.415,-0.474,-0.527,-0.52,-0.528,-0.564,-0.573,-0.568,-0.576,-0.599,-0.59,-0.567,-0.548,-0.537,-0.512,-0.475,-0.416,-0.414,-0.43,-0.362,-0.292,-0.299,-0.284,-0.199,-0.125,-0.11,-0.085,-0.007,0.08,0.085,0.027,-0.109
-0.313,-0.348,-0.35,-0.372,-0.384,-0.414,-0.449,-0.453,-0.446,-0.468,-0.447,-0.443,-0.441,-0.428,-0.381,-0.363,-0.309,-0.302,-0.258,-0.311,-0.289,-0.25,-0.24,-0.239,-0.253,-0.206,-0.148,-0.119,-0.034,0.052,0.089,0.207,0.217,0.243,0.271,0.235,0.271,0.288,0.282,0.336,0.374,0.423,0.419,0.45,0.478,0.478,0.553,0.612,0.609,0.628,0.732,0.828,0.904,0.969,1,0.967,0.93,0.941,0.917,0.834,0.787,0.757,0.73,0.578,0.471,0.294,0.194,0.206,0.308,0.385,0.392,0.34,0.334,0.364,0.356,0.332,0.296,0.32,0.377,0.351,0.368,0.297,0.279,0.279,0.237,0.215,0.231,0.249,0.269,0.269,0.282,0.274,0.243,0.26,0.284,0.315,0.31,0.387,0.423,0.449,0.483,0.417,0.392,0.386,0.395,0.296,0.174,0.102,0.06,0.229,0.264,0.086,0.015,-0.16,-0.196,-0.286,-0.345,-0.415,-0.454,-0.47,-0.51,-0.545,-0.55,-0.558,-0.573,-0.579,-0.588,-0.593,-0.601,-0.592,-0.572,-0.56,-0.561,-0.541,-0.507,-0.464,-0.462,-0.464,-0.407,-0.351,-0.349,-0.324,-0.255,-0.188,-0.156,-0.132,-0.068,0.023,0.045,0.003,-0.111
-0.312,-0.352,-0.353,-0.372,-0.38,-0.407,-0.438,-0.441,-0.434,-0.461,-0.445,-0.442,-0.438,-0.432,-0.386,-0.365,-0.315,-0.306,-0.262,-0.307,-0.286,-0.25,-0.247,-0.243,-0.253,-0.203,-0.149,-0.114,-0.038,0.039,0.084,0.2,0.224,0.252,0.274,0.247,0.282,0.305,0.305,0.352,0.382,0.415,0.404,0.409,0.411,0.392,0.466,0.532,0.533,0.558,0.666,0.763,0.868,0.931,0.967,1,0.97,0.939,0.942,0.905,0.838,0.779,0.72,0.547,0.42,0.248,0.17,0.212,0.308,0.389,0.405,0.353,0.343,0.368,0.361,0.344,0.314,0.332,0.386,0.364,0.394,0.338,0.325,0.333,0.297,0.271,0.281,0.301,0.323,0.335,0.345,0.333,0.303,0.313,0.333,0.353,0.338,0.393,0.411,0.437,0.461,0.4,0.386,0.386,0.393,0.285,0.157,0.087,0.048,0.221,0.258,0.079,0.007,-0.17,-0.206,-0.296,-0.355,-0.424,-0.463,-0.479,-0.518,-0.553,-0.558,-0.566,-0.581,-0.587,-0.595,-0.6,-0.609,-0.598,-0.578,-0.563,-0.564,-0.547,-0.512,-0.472,-0.47,-0.471,-0.414,-0.36,-0.358,-0.332,-0.264,-0.198,-0.163,-0.141,-0.078,0.015,0.038,-0.002,-0.114
-0.234,-0.284,-0.296,-0.33,-0.35,-0.376,-0.428,-0.433,-0.433,-0.46,-0.456,-0.462,-0.465,-0.468,-0.426,-0.409,-0.365,-0.355,-0.321,-0.372,-0.35,-0.325,-0.318,-0.307,-0.306,-0.241,-0.194,-0.151,-0.069,0.011,0.074,0.203,0.241,0.273,0.286,0.267,0.292,0.327,0.331,0.372,0.406,0.423,0.393,0.392,0.382,0.371,0.47,0.537,0.559,0.596,0.702,0.793,0.897,0.921,0.93,0.97,1,0.971,0.943,0.941,0.911,0.844,0.769,0.6,0.459,0.308,0.264,0.314,0.384,0.453,0.471,0.424,0.406,0.421,0.394,0.379,0.344,0.369,0.425,0.396,0.424,0.378,0.36,0.362,0.327,0.286,0.287,0.309,0.312,0.315,0.331,0.317,0.273,0.286,0.293,0.311,0.306,0.363,0.389,0.419,0.454,0.388,0.374,0.388,0.406,0.303,0.176,0.095,0.062,0.239,0.267,0.079,0.009,-0.175,-0.209,-0.294,-0.362,-0.441,-0.473,-0.487,-0.537,-0.576,-0.574,-0.585,-0.605,-0.61,-0.614,-0.621,-0.634,-0.626,-0.608,-0.591,-0.586,-0.569,-0.536,-0.49,-0.487,-0.495,-0.435,-0.372,-0.375,-0.356,-0.278,-0.207,-0.183,-0.159,-0.086,0.007,0.021,-0.029,-0.153
-0.232,-0.286,-0.302,-0.345,-0.371,-0.398,-0.454,-0.457,-0.453,-0.474,-0.466,-0.476,-0.483,-0.48,-0.445,-0.434,-0.386,-0.377,-0.342,-0.398,-0.375,-0.347,-0.334,-0.33,-0.339,-0.28,-0.23,-0.188,-0.1,-0.007,0.056,0.19,0.231,0.262,0.283,0.27,0.291,0.318,0.319,0.359,0.391,0.414,0.393,0.403,0.402,0.406,0.5,0.549,0.573,0.612,0.71,0.815,0.897,0.914,0.941,0.939,0.971,1,0.969,0.933,0.928,0.891,0.837,0.663,0.515,0.353,0.305,0.353,0.437,0.511,0.529,0.483,0.468,0.494,0.462,0.44,0.41,0.436,0.49,0.451,0.455,0.391,0.363,0.348,0.301,0.251,0.252,0.273,0.261,0.262,0.3,0.311,0.262,0.288,0.297,0.331,0.343,0.421,0.469,0.5,0.539,0.466,0.435,0.434,0.441,0.345,0.212,0.128,0.074,0.251,0.281,0.084,0.003,-0.189,-0.218,-0.31,-0.383,-0.458,-0.488,-0.509,-0.559,-0.591,-0.592,-0.606,-0.622,-0.623,-0.633,-0.643,-0.651,-0.646,-0.629,-0.618,-0.615,-0.596,-0.565,-0.52,-0.514,-0.522,-0.463,-0.398,-0.399,-0.38,-0.302,-0.228,-0.201,-0.178,-0.103,-0.004,0.009,-0.04,-0.164
-0.25,-0.306,-0.32,-0.36,-0.379,-0.406,-0.449,-0.454,-0.447,-0.464,-0.448,-0.447,-0.449,-0.443,-0.403,-0.39,-0.342,-0.342,-0.306,-0.355,-0.342,-0.309,-0.306,-0.311,-0.336,-0.294,-0.247,-0.212,-0.138,-0.054,0,0.131,0.178,0.213,0.246,0.245,0.277,0.296,0.3,0.341,0.358,0.392,0.392,0.39,0.373,0.36,0.435,0.474,0.491,0.528,0.621,0.733,0.826,0.86,0.917,0.942,0.943,0.969,1,0.964,0.921,0.884,0.82,0.622,0.458,0.289,0.241,0.314,0.41,0.495,0.52,0.477,0.464,0.499,0.479,0.453,0.435,0.46,0.506,0.471,0.469,0.411,0.386,0.38,0.329,0.286,0.293,0.318,0.307,0.32,0.367,0.388,0.344,0.363,0.374,0.408,0.417,0.483,0.525,0.553,0.576,0.507,0.469,0.453,0.442,0.346,0.207,0.132,0.057,0.228,0.266,0.069,-0.026,-0.212,-0.232,-0.331,-0.401,-0.459,-0.487,-0.516,-0.557,-0.575,-0.58,-0.599,-0.604,-0.6,-0.618,-0.629,-0.63,-0.627,-0.614,-0.607,-0.609,-0.593,-0.569,-0.533,-0.525,-0.527,-0.478,-0.421,-0.415,-0.395,-0.328,-0.257,-0.222,-0.204,-0.137,-0.037,-0.017,-0.054,-0.164
-0.189,-0.247,-0.262,-0.306,-0.332,-0.355,-0.408,-0.418,-0.418,-0.437,-0.436,-0.436,-0.44,-0.449,-0.408,-0.394,-0.359,-0.358,-0.332,-0.371,-0.359,-0.336,-0.335,-0.328,-0.345,-0.298,-0.264,-0.222,-0.159,-0.09,-0.023,0.103,0.164,0.207,0.232,0.242,0.272,0.304,0.319,0.354,0.363,0.381,0.365,0.345,0.311,0.288,0.374,0.412,0.439,0.482,0.57,0.676,0.781,0.795,0.834,0.905,0.941,0.933,0.964,1,0.968,0.907,0.805,0.608,0.429,0.29,0.277,0.366,0.432,0.499,0.528,0.492,0.468,0.485,0.454,0.436,0.419,0.443,0.489,0.458,0.47,0.441,0.426,0.426,0.383,0.328,0.323,0.352,0.326,0.34,0.386,0.404,0.356,0.369,0.368,0.39,0.395,0.442,0.473,0.499,0.522,0.453,0.427,0.427,0.419,0.321,0.184,0.11,0.045,0.214,0.249,0.058,-0.031,-0.211,-0.231,-0.321,-0.391,-0.451,-0.475,-0.5,-0.543,-0.562,-0.564,-0.582,-0.59,-0.586,-0.6,-0.611,-0.615,-0.612,-0.601,-0.59,-0.589,-0.577,-0.554,-0.519,-0.511,-0.515,-0.468,-0.411,-0.408,-0.391,-0.324,-0.255,-0.226,-0.209,-0.141,-0.046,-0.03,-0.069,-0.179
-0.128,-0.186,-0.207,-0.26,-0.295,-0.308,-0.374,-0.381,-0.385,-0.405,-0.415,-0.43,-0.441,-0.458,-0.432,-0.422,-0.397,-0.39,-0.365,-0.404,-0.381,-0.362,-0.347,-0.33,-0.336,-0.278,-0.246,-0.2,-0.133,-0.063,0.01,0.132,0.192,0.224,0.234,0.245,0.258,0.297,0.311,0.339,0.358,0.366,0.333,0.325,0.298,0.302,0.4,0.428,0.464,0.506,0.585,0.689,0.775,0.762,0.787,0.838,0.911,0.928,0.921,0.968,1,0.958,0.865,0.694,0.52,0.398,0.403,0.482,0.527,0.576,0.602,0.574,0.542,0.545,0.497,0.483,0.457,0.481,0.531,0.493,0.497,0.471,0.449,0.433,0.389,0.313,0.294,0.319,0.269,0.273,0.333,0.364,0.305,0.33,0.322,0.351,0.374,0.432,0.472,0.494,0.525,0.438,0.409,0.411,0.408,0.31,0.173,0.087,0.032,0.208,0.234,0.035,-0.047,-0.234,-0.257,-0.339,-0.413,-0.485,-0.503,-0.523,-0.574,-0.597,-0.592,-0.609,-0.621,-0.615,-0.626,-0.639,-0.643,-0.644,-0.635,-0.623,-0.618,-0.607,-0.585,-0.544,-0.537,-0.548,-0.496,-0.433,-0.437,-0.423,-0.347,-0.275,-0.255,-0.234,-0.157,-0.063,-0.054,-0.105,-0.225
-0.095,-0.147,-0.17,-0.227,-0.256,-0.272,-0.34,-0.359,-0.36,-0.373,-0.381,-0.381,-0.388,-0.404,-0.362,-0.346,-0.317,-0.306,-0.283,-0.319,-0.293,-0.275,-0.253,-0.238,-0.262,-0.221,-0.19,-0.163,-0.108,-0.038,0.01,0.119,0.167,0.19,0.215,0.225,0.235,0.251,0.249,0.281,0.309,0.342,0.327,0.355,0.345,0.358,0.429,0.443,0.452,0.48,0.567,0.664,0.727,0.724,0.757,0.779,0.844,0.891,0.884,0.907,0.958,1,0.957,0.834,0.689,0.563,0.535,0.587,0.652,0.696,0.71,0.679,0.639,0.636,0.599,0.582,0.547,0.584,0.643,0.615,0.61,0.579,0.55,0.527,0.473,0.404,0.371,0.374,0.318,0.333,0.408,0.464,0.409,0.438,0.44,0.481,0.508,0.58,0.622,0.629,0.644,0.526,0.469,0.43,0.399,0.283,0.119,0.019,-0.063,0.133,0.162,-0.066,-0.165,-0.365,-0.376,-0.46,-0.545,-0.607,-0.608,-0.637,-0.687,-0.686,-0.677,-0.704,-0.702,-0.675,-0.696,-0.718,-0.708,-0.723,-0.73,-0.731,-0.727,-0.72,-0.711,-0.677,-0.667,-0.681,-0.637,-0.575,-0.578,-0.568,-0.493,-0.417,-0.396,-0.376,-0.293,-0.188,-0.177,-0.23,-0.357
-0.075,-0.118,-0.141,-0.192,-0.204,-0.221,-0.284,-0.304,-0.3,-0.305,-0.307,-0.303,-0.305,-0.317,-0.272,-0.254,-0.222,-0.207,-0.184,-0.219,-0.191,-0.178,-0.148,-0.139,-0.165,-0.134,-0.102,-0.1,-0.053,0.008,0.025,0.115,0.131,0.141,0.179,0.173,0.184,0.172,0.153,0.193,0.228,0.285,0.286,0.348,0.365,0.392,0.434,0.443,0.409,0.413,0.513,0.605,0.661,0.68,0.73,0.72,0.769,0.837,0.82,0.805,0.865,0.957,1,0.929,0.814,0.682,0.635,0.659,0.734,0.773,0.771,0.734,0.693,0.683,0.661,0.646,0.599,0.639,0.706,0.692,0.687,0.644,0.603,0.568,0.508,0.445,0.39,0.363,0.322,0.359,0.452,0.526,0.485,0.522,0.535,0.579,0.611,0.679,0.71,0.697,0.679,0.537,0.455,0.376,0.313,0.182,0.005,-0.094,-0.194,0.007,0.042,-0.193,-0.297,-0.486,-0.488,-0.563,-0.642,-0.684,-0.67,-0.703,-0.74,-0.712,-0.703,-0.734,-0.713,-0.669,-0.701,-0.727,-0.702,-0.728,-0.749,-0.761,-0.763,-0.764,-0.766,-0.747,-0.739,-0.75,-0.721,-0.673,-0.675,-0.666,-0.604,-0.536,-0.514,-0.495,-0.42,-0.317,-0.301,-0.345,-0.455
0.015,-0.01,-0.032,-0.065,-0.058,-0.073,-0.127,-0.143,-0.133,-0.142,-0.144,-0.131,-0.13,-0.145,-0.098,-0.079,-0.055,-0.036,-0.018,-0.048,-0.023,-0.024,0.01,0.024,0.004,0.026,0.049,0.019,0.033,0.062,0.034,0.08,0.05,0.03,0.052,0.027,0.031,0.008,-0.018,0.03,0.082,0.166,0.178,0.294,0.351,0.414,0.443,0.454,0.379,0.337,0.43,0.487,0.518,0.548,0.578,0.547,0.6,0.663,0.622,0.608,0.694,0.834,0.929,1,0.96,0.891,0.83,0.8,0.842,0.82,0.794,0.777,0.729,0.678,0.665,0.662,0.587,0.623,0.693,0.703,0.711,0.686,0.649,0.616,0.564,0.512,0.428,0.374,0.34,0.386,0.478,0.554,0.527,0.562,0.575,0.606,0.638,0.683,0.689,0.645,0.602,0.431,0.345,0.238,0.17,0.027,-0.147,-0.259,-0.339,-0.137,-0.116,-0.35,-0.436,-0.607,-0.601,-0.648,-0.722,-0.756,-0.718,-0.742,-0.775,-0.727,-0.705,-0.739,-0.708,-0.646,-0.679,-0.71,-0.676,-0.711,-0.749,-0.767,-0.771,-0.784,-0.801,-0.79,-0.786,-0.804,-0.789,-0.751,-0.761,-0.76,-0.705,-0.649,-0.64,-0.62,-0.546,-0.457,-0.446,-0.495,-0.596
0.025,0.017,0,-0.015,0.006,-0.007,-0.044,-0.056,-0.04,-0.048,-0.043,-0.022,-0.019,-0.026,0.026,0.044,0.073,0.101,0.119,0.091,0.118,0.11,0.145,0.162,0.144,0.161,0.184,0.139,0.134,0.149,0.091,0.103,0.04,-0.004,0,-0.044,-0.047,-0.074,-0.106,-0.056,0.012,0.109,0.125,0.271,0.358,0.438,0.452,0.467,0.372,0.303,0.387,0.416,0.419,0.457,0.471,0.42,0.459,0.515,0.458,0.429,0.52,0.689,0.814,0.96,1,0.954,0.854,0.776,0.823,0.787,0.75,0.743,0.694,0.627,0.628,0.635,0.545,0.575,0.641,0.662,0.682,0.649,0.613,0.583,0.535,0.504,0.41,0.34,0.329,0.384,0.466,0.529,0.523,0.554,0.57,0.586,0.61,0.644,0.633,0.582,0.531,0.359,0.282,0.165,0.104,-0.042,-0.207,-0.324,-0.384,-0.184,-0.172,-0.4,-0.47,-0.632,-0.632,-0.666,-0.734,-0.771,-0.731,-0.746,-0.777,-0.731,-0.705,-0.734,-0.705,-0.641,-0.669,-0.699,-0.665,-0.7,-0.741,-0.76,-0.763,-0.778,-0.795,-0.783,-0.784,-0.805,-0.79,-0.756,-0.77,-0.768,-0.714,-0.663,-0.659,-0.636,-0.562,-0.48,-0.468,-0.522,-0.626
0.153,0.15,0.14,0.13,0.148,0.129,0.088,0.075,0.087,0.077,0.072,0.096,0.094,0.079,0.126,0.14,0.153,0.172,0.174,0.147,0.158,0.131,0.163,0.181,0.173,0.184,0.188,0.125,0.096,0.078,0.007,-0.007,-0.084,-0.134,-0.143,-0.182,-0.188,-0.211,-0.231,-0.184,-0.123,-0.02,-0.001,0.158,0.26,0.354,0.374,0.381,0.287,0.205,0.268,0.276,0.268,0.299,0.294,0.248,0.308,0.353,0.289,0.29,0.398,0.563,0.682,0.891,0.954,1,0.942,0.863,0.853,0.76,0.711,0.723,0.671,0.578,0.572,0.58,0.483,0.511,0.569,0.599,0.617,0.613,0.583,0.555,0.522,0.487,0.384,0.31,0.288,0.333,0.405,0.464,0.457,0.485,0.495,0.504,0.537,0.551,0.532,0.463,0.404,0.23,0.152,0.039,-0.016,-0.137,-0.27,-0.381,-0.42,-0.256,-0.259,-0.452,-0.507,-0.628,-0.612,-0.619,-0.68,-0.702,-0.641,-0.652,-0.679,-0.619,-0.585,-0.616,-0.583,-0.512,-0.538,-0.571,-0.533,-0.574,-0.625,-0.647,-0.65,-0.673,-0.704,-0.701,-0.702,-0.728,-0.731,-0.706,-0.725,-0.736,-0.695,-0.658,-0.67,-0.654,-0.589,-0.53,-0.531,-0.581,-0.665
0.265,0.26,0.253,0.236,0.257,0.242,0.19,0.178,0.178,0.158,0.13,0.135,0.129,0.093,0.12,0.13,0.118,0.125,0.109,0.084,0.087,0.046,0.083,0.121,0.144,0.164,0.137,0.081,0.049,-0.003,-0.056,-0.078,-0.157,-0.202,-0.226,-0.259,-0.271,-0.291,-0.303,-0.266,-0.221,-0.138,-0.131,0.016,0.111,0.208,0.245,0.246,0.18,0.11,0.159,0.168,0.176,0.197,0.194,0.17,0.264,0.305,0.241,0.277,0.403,0.535,0.635,0.83,0.854,0.942,1,0.96,0.876,0.748,0.7,0.718,0.664,0.554,0.521,0.537,0.445,0.47,0.525,0.557,0.569,0.601,0.564,0.535,0.517,0.475,0.375,0.312,0.259,0.284,0.35,0.408,0.376,0.399,0.393,0.406,0.455,0.45,0.427,0.347,0.278,0.103,0.022,-0.074,-0.123,-0.219,-0.321,-0.419,-0.44,-0.309,-0.317,-0.473,-0.512,-0.596,-0.574,-0.562,-0.609,-0.618,-0.55,-0.556,-0.573,-0.508,-0.474,-0.501,-0.463,-0.394,-0.42,-0.451,-0.411,-0.452,-0.506,-0.529,-0.532,-0.559,-0.597,-0.604,-0.605,-0.63,-0.644,-0.631,-0.651,-0.665,-0.639,-0.617,-0.636,-0.623,-0.573,-0.534,-0.54,-0.583,-0.633
0.279,0.267,0.263,0.237,0.249,0.233,0.179,0.165,0.156,0.132,0.089,0.08,0.066,0.02,0.038,0.044,0.029,0.033,0.005,-0.014,-0.011,-0.046,-0.002,0.035,0.054,0.074,0.043,0.005,-0.012,-0.06,-0.086,-0.089,-0.146,-0.176,-0.203,-0.223,-0.232,-0.256,-0.265,-0.236,-0.21,-0.14,-0.134,-0.019,0.054,0.125,0.164,0.159,0.108,0.058,0.109,0.137,0.164,0.188,0.206,0.212,0.314,0.353,0.314,0.366,0.482,0.587,0.659,0.8,0.776,0.863,0.96,1,0.937,0.833,0.792,0.784,0.728,0.637,0.605,0.617,0.541,0.562,0.612,0.637,0.636,0.673,0.627,0.592,0.578,0.514,0.408,0.34,0.267,0.298,0.367,0.447,0.405,0.432,0.431,0.459,0.519,0.51,0.488,0.402,0.314,0.139,0.047,-0.055,-0.117,-0.211,-0.322,-0.413,-0.45,-0.323,-0.324,-0.48,-0.529,-0.612,-0.586,-0.579,-0.623,-0.62,-0.554,-0.565,-0.574,-0.5,-0.473,-0.501,-0.453,-0.385,-0.419,-0.447,-0.402,-0.44,-0.494,-0.52,-0.528,-0.558,-0.598,-0.615,-0.614,-0.632,-0.651,-0.645,-0.66,-0.671,-0.653,-0.634,-0.646,-0.635,-0.593,-0.554,-0.554,-0.587,-0.618
0.162,0.144,0.135,0.1,0.103,0.091,0.047,0.033,0.027,0.005,-0.034,-0.041,-0.055,-0.081,-0.054,-0.049,-0.037,-0.022,-0.042,-0.051,-0.035,-0.047,0.001,0.026,0.016,0.029,0.02,-0.001,-0.005,-0.018,-0.03,-0.013,-0.047,-0.074,-0.099,-0.114,-0.123,-0.152,-0.17,-0.14,-0.109,-0.036,-0.021,0.08,0.142,0.192,0.213,0.203,0.144,0.107,0.177,0.216,0.239,0.273,0.308,0.308,0.384,0.437,0.41,0.432,0.527,0.652,0.734,0.842,0.823,0.853,0.876,0.937,1,0.956,0.914,0.863,0.803,0.753,0.75,0.758,0.691,0.71,0.757,0.773,0.767,0.767,0.716,0.678,0.65,0.58,0.462,0.371,0.314,0.375,0.453,0.553,0.53,0.563,0.578,0.612,0.663,0.669,0.654,0.581,0.489,0.32,0.225,0.1,0.02,-0.1,-0.25,-0.349,-0.419,-0.256,-0.246,-0.443,-0.512,-0.639,-0.623,-0.644,-0.7,-0.711,-0.658,-0.676,-0.692,-0.627,-0.604,-0.634,-0.59,-0.525,-0.56,-0.589,-0.545,-0.58,-0.628,-0.652,-0.662,-0.685,-0.716,-0.723,-0.721,-0.736,-0.741,-0.722,-0.734,-0.737,-0.704,-0.669,-0.668,-0.652,-0.597,-0.533,-0.524,-0.56,-0.616
0.122,0.099,0.083,0.041,0.033,0.021,-0.023,-0.046,-0.052,-0.062,-0.097,-0.105,-0.125,-0.145,-0.111,-0.112,-0.081,-0.056,-0.074,-0.088,-0.059,-0.062,-0.014,0.003,-0.023,-0.007,-0.002,-0.007,0.01,0.025,0.029,0.066,0.055,0.041,0.023,0.009,0.001,-0.031,-0.059,-0.034,0,0.059,0.067,0.142,0.181,0.218,0.232,0.223,0.17,0.154,0.238,0.285,0.308,0.337,0.385,0.389,0.453,0.511,0.495,0.499,0.576,0.696,0.773,0.82,0.787,0.76,0.748,0.833,0.956,1,0.981,0.912,0.86,0.845,0.851,0.853,0.803,0.826,0.866,0.861,0.841,0.802,0.733,0.685,0.642,0.575,0.454,0.358,0.325,0.41,0.511,0.615,0.597,0.64,0.651,0.683,0.737,0.746,0.74,0.68,0.584,0.426,0.326,0.191,0.104,-0.028,-0.201,-0.307,-0.398,-0.213,-0.196,-0.421,-0.505,-0.66,-0.657,-0.698,-0.756,-0.776,-0.739,-0.759,-0.775,-0.717,-0.701,-0.73,-0.687,-0.626,-0.663,-0.688,-0.644,-0.676,-0.719,-0.74,-0.75,-0.77,-0.79,-0.793,-0.793,-0.802,-0.796,-0.773,-0.781,-0.774,-0.733,-0.69,-0.676,-0.655,-0.596,-0.515,-0.496,-0.533,-0.597
0.125,0.095,0.078,0.038,0.028,0.027,-0.012,-0.03,-0.035,-0.046,-0.079,-0.094,-0.116,-0.143,-0.122,-0.126,-0.103,-0.072,-0.086,-0.102,-0.066,-0.065,-0.011,0.009,-0.014,0.006,0.01,0.016,0.032,0.046,0.06,0.096,0.09,0.07,0.038,0.025,0.009,-0.012,-0.039,-0.024,0.018,0.065,0.064,0.132,0.168,0.206,0.228,0.212,0.179,0.173,0.252,0.302,0.325,0.342,0.392,0.405,0.471,0.529,0.52,0.528,0.602,0.71,0.771,0.794,0.75,0.711,0.7,0.792,0.914,0.981,1,0.959,0.921,0.91,0.906,0.911,0.867,0.882,0.913,0.898,0.868,0.818,0.742,0.683,0.634,0.56,0.436,0.345,0.307,0.398,0.515,0.626,0.606,0.656,0.658,0.688,0.75,0.755,0.75,0.692,0.591,0.428,0.334,0.193,0.117,-0.01,-0.184,-0.301,-0.387,-0.195,-0.178,-0.417,-0.503,-0.669,-0.673,-0.72,-0.778,-0.803,-0.772,-0.791,-0.807,-0.754,-0.741,-0.767,-0.725,-0.668,-0.705,-0.728,-0.682,-0.713,-0.752,-0.773,-0.785,-0.802,-0.818,-0.82,-0.82,-0.827,-0.816,-0.79,-0.798,-0.787,-0.741,-0.697,-0.678,-0.654,-0.592,-0.507,-0.484,-0.525,-0.591
0.154,0.12,0.097,0.07,0.067,0.073,0.043,0.037,0.042,0.028,0.01,-0.005,-0.027,-0.058,-0.051,-0.059,-0.051,-0.022,-0.026,-0.047,-0.013,-0.017,0.032,0.057,0.045,0.07,0.064,0.06,0.05,0.041,0.039,0.047,0.021,-0.02,-0.074,-0.091,-0.114,-0.116,-0.132,-0.119,-0.061,-0.009,-0.01,0.078,0.129,0.199,0.238,0.215,0.205,0.188,0.24,0.28,0.292,0.296,0.34,0.353,0.424,0.483,0.477,0.492,0.574,0.679,0.734,0.777,0.743,0.723,0.718,0.784,0.863,0.912,0.959,1,0.986,0.949,0.917,0.927,0.88,0.884,0.9,0.885,0.854,0.803,0.728,0.66,0.595,0.526,0.407,0.333,0.291,0.379,0.516,0.62,0.599,0.649,0.635,0.65,0.72,0.71,0.701,0.641,0.54,0.37,0.286,0.142,0.09,-0.02,-0.176,-0.307,-0.372,-0.185,-0.176,-0.419,-0.5,-0.665,-0.673,-0.719,-0.776,-0.802,-0.773,-0.791,-0.807,-0.756,-0.743,-0.769,-0.727,-0.672,-0.71,-0.732,-0.684,-0.714,-0.749,-0.773,-0.787,-0.802,-0.815,-0.816,-0.818,-0.824,-0.812,-0.787,-0.794,-0.782,-0.736,-0.691,-0.672,-0.647,-0.585,-0.5,-0.478,-0.523,-0.59
0.144,0.107,0.081,0.058,0.057,0.065,0.042,0.04,0.047,0.035,0.024,0.008,-0.013,-0.043,-0.042,-0.052,-0.046,-0.019,-0.017,-0.041,-0.008,-0.009,0.039,0.06,0.052,0.078,0.073,0.069,0.06,0.05,0.046,0.05,0.019,-0.026,-0.085,-0.105,-0.127,-0.125,-0.142,-0.128,-0.064,-0.01,-0.008,0.082,0.133,0.212,0.254,0.23,0.227,0.207,0.249,0.284,0.29,0.29,0.334,0.343,0.406,0.468,0.464,0.468,0.542,0.639,0.693,0.729,0.694,0.671,0.664,0.728,0.803,0.86,0.921,0.986,1,0.973,0.934,0.938,0.897,0.897,0.9,0.88,0.841,0.778,0.7,0.624,0.554,0.486,0.37,0.3,0.263,0.353,0.497,0.6,0.582,0.636,0.618,0.631,0.705,0.691,0.685,0.626,0.523,0.358,0.276,0.131,0.089,-0.014,-0.161,-0.294,-0.353,-0.17,-0.162,-0.404,-0.483,-0.647,-0.658,-0.707,-0.761,-0.786,-0.764,-0.781,-0.794,-0.747,-0.737,-0.761,-0.719,-0.668,-0.707,-0.726,-0.678,-0.704,-0.735,-0.759,-0.776,-0.789,-0.799,-0.8,-0.802,-0.806,-0.792,-0.768,-0.774,-0.758,-0.714,-0.67,-0.647,-0.622,-0.562,-0.478,-0.454,-0.498,-0.56
0.114,0.067,0.031,-0.003,-0.019,-0.014,-0.039,-0.047,-0.043,-0.049,-0.054,-0.069,-0.093,-0.11,-0.108,-0.123,-0.102,-0.077,-0.075,-0.099,-0.066,-0.057,-0.019,-0.014,-0.042,-0.022,-0.019,-0.011,-0.006,0.014,0.027,0.056,0.061,0.032,-0.012,-0.013,-0.032,-0.031,-0.048,-0.038,0.017,0.061,0.066,0.126,0.152,0.214,0.255,0.227,0.236,0.235,0.282,0.324,0.324,0.315,0.364,0.368,0.421,0.494,0.499,0.485,0.545,0.636,0.683,0.678,0.627,0.578,0.554,0.637,0.753,0.845,0.91,0.949,0.973,1,0.974,0.959,0.939,0.942,0.934,0.896,0.839,0.755,0.678,0.593,0.514,0.438,0.323,0.246,0.213,0.315,0.464,0.578,0.567,0.628,0.617,0.639,0.718,0.716,0.73,0.683,0.587,0.442,0.357,0.215,0.168,0.073,-0.078,-0.206,-0.282,-0.102,-0.092,-0.334,-0.423,-0.596,-0.606,-0.667,-0.725,-0.753,-0.738,-0.76,-0.777,-0.737,-0.73,-0.755,-0.719,-0.673,-0.71,-0.728,-0.684,-0.708,-0.733,-0.754,-0.77,-0.779,-0.785,-0.781,-0.781,-0.783,-0.765,-0.736,-0.738,-0.722,-0.674,-0.624,-0.598,-0.574,-0.513,-0.423,-0.399,-0.441,-0.506
0.098,0.054,0.022,-0.005,-0.005,0.001,-0.008,-0.019,-0.011,-0.015,-0.014,-0.02,-0.041,-0.053,-0.044,-0.058,-0.033,-0.004,-0.006,-0.025,0.008,0.019,0.051,0.04,-0.012,-0.011,-0.002,-0.002,-0.003,0.026,0.028,0.061,0.069,0.048,0.02,0.019,0.007,-0.012,-0.037,-0.028,0.01,0.06,0.08,0.13,0.163,0.199,0.22,0.194,0.171,0.162,0.23,0.277,0.285,0.297,0.356,0.361,0.394,0.462,0.479,0.454,0.497,0.599,0.661,0.665,0.628,0.572,0.521,0.605,0.75,0.851,0.906,0.917,0.934,0.974,1,0.985,0.971,0.966,0.957,0.929,0.868,0.783,0.711,0.626,0.553,0.475,0.339,0.241,0.213,0.336,0.488,0.62,0.633,0.696,0.704,0.729,0.796,0.791,0.787,0.738,0.619,0.475,0.39,0.219,0.148,0.037,-0.13,-0.252,-0.349,-0.164,-0.143,-0.391,-0.491,-0.66,-0.666,-0.73,-0.782,-0.793,-0.775,-0.803,-0.807,-0.749,-0.749,-0.775,-0.724,-0.669,-0.716,-0.734,-0.678,-0.706,-0.739,-0.765,-0.788,-0.804,-0.815,-0.824,-0.824,-0.819,-0.81,-0.791,-0.789,-0.769,-0.733,-0.688,-0.653,-0.631,-0.58,-0.487,-0.453,-0.483,-0.535
0.098,0.06,0.032,0.014,0.023,0.04,0.04,0.039,0.05,0.04,0.036,0.021,0,-0.021,-0.022,-0.038,-0.023,0.011,0.01,-0.007,0.033,0.041,0.082,0.082,0.046,0.056,0.063,0.066,0.06,0.074,0.076,0.093,0.083,0.051,0.003,-0.013,-0.031,-0.048,-0.074,-0.068,-0.027,0.017,0.027,0.084,0.13,0.174,0.191,0.164,0.138,0.122,0.187,0.235,0.25,0.268,0.332,0.344,0.379,0.44,0.453,0.436,0.483,0.582,0.646,0.662,0.635,0.58,0.537,0.617,0.758,0.853,0.911,0.927,0.938,0.959,0.985,1,0.981,0.958,0.95,0.93,0.881,0.8,0.724,0.641,0.573,0.493,0.348,0.252,0.228,0.352,0.507,0.634,0.646,0.707,0.708,0.725,0.789,0.769,0.748,0.696,0.569,0.418,0.346,0.171,0.102,-0.019,-0.185,-0.307,-0.389,-0.202,-0.179,-0.426,-0.514,-0.678,-0.694,-0.753,-0.796,-0.809,-0.797,-0.817,-0.816,-0.761,-0.762,-0.783,-0.73,-0.679,-0.724,-0.738,-0.681,-0.705,-0.735,-0.761,-0.786,-0.804,-0.811,-0.823,-0.827,-0.819,-0.808,-0.795,-0.794,-0.768,-0.735,-0.695,-0.659,-0.632,-0.584,-0.496,-0.458,-0.488,-0.534
0.091,0.045,0.01,-0.018,-0.018,-0.004,-0.004,-0.007,0.002,0,-0.002,-0.014,-0.038,-0.053,-0.054,-0.074,-0.056,-0.024,-0.027,-0.041,-0.004,0.007,0.037,0.031,-0.018,-0.014,-0.007,0.006,0,0.027,0.047,0.071,0.087,0.07,0.031,0.031,0.014,-0.002,-0.027,-0.03,0.004,0.034,0.045,0.083,0.113,0.14,0.155,0.118,0.106,0.107,0.165,0.213,0.222,0.23,0.296,0.314,0.344,0.41,0.435,0.419,0.457,0.547,0.599,0.587,0.545,0.483,0.445,0.541,0.691,0.803,0.867,0.88,0.897,0.939,0.971,0.981,1,0.98,0.952,0.931,0.87,0.788,0.718,0.632,0.563,0.476,0.34,0.253,0.223,0.344,0.501,0.634,0.641,0.7,0.697,0.715,0.781,0.759,0.751,0.706,0.584,0.452,0.381,0.208,0.133,0.027,-0.135,-0.25,-0.348,-0.172,-0.147,-0.385,-0.476,-0.634,-0.649,-0.711,-0.75,-0.758,-0.75,-0.773,-0.769,-0.716,-0.72,-0.74,-0.688,-0.64,-0.687,-0.698,-0.641,-0.662,-0.69,-0.715,-0.742,-0.759,-0.765,-0.779,-0.781,-0.77,-0.761,-0.749,-0.745,-0.719,-0.69,-0.653,-0.613,-0.59,-0.547,-0.46,-0.422,-0.446,-0.481
0.111,0.058,0.016,-0.027,-0.043,-0.043,-0.063,-0.081,-0.076,-0.07,-0.078,-0.08,-0.105,-0.115,-0.094,-0.111,-0.081,-0.054,-0.058,-0.077,-0.045,-0.036,-0.011,-0.013,-0.068,-0.067,-0.064,-0.051,-0.053,-0.018,0.006,0.046,0.072,0.071,0.047,0.054,0.042,0.024,-0.002,0.001,0.038,0.073,0.084,0.125,0.145,0.171,0.191,0.156,0.15,0.159,0.221,0.261,0.261,0.264,0.32,0.332,0.369,0.436,0.46,0.443,0.481,0.584,0.639,0.623,0.575,0.511,0.47,0.562,0.71,0.826,0.882,0.884,0.897,0.942,0.966,0.958,0.98,1,0.982,0.96,0.902,0.824,0.758,0.676,0.604,0.524,0.399,0.311,0.28,0.397,0.545,0.67,0.664,0.716,0.707,0.724,0.786,0.773,0.783,0.743,0.635,0.507,0.425,0.263,0.185,0.086,-0.08,-0.202,-0.314,-0.134,-0.11,-0.356,-0.46,-0.627,-0.631,-0.698,-0.75,-0.76,-0.744,-0.774,-0.779,-0.723,-0.724,-0.752,-0.703,-0.651,-0.697,-0.713,-0.659,-0.685,-0.716,-0.742,-0.763,-0.779,-0.789,-0.798,-0.796,-0.791,-0.782,-0.763,-0.758,-0.739,-0.705,-0.659,-0.624,-0.604,-0.554,-0.461,-0.428,-0.454,-0.503
0.105,0.056,0.02,-0.025,-0.041,-0.039,-0.071,-0.096,-0.097,-0.091,-0.109,-0.115,-0.139,-0.156,-0.131,-0.139,-0.111,-0.078,-0.08,-0.098,-0.056,-0.043,-0.007,-0.011,-0.064,-0.062,-0.055,-0.045,-0.03,0.009,0.035,0.087,0.109,0.116,0.1,0.096,0.087,0.063,0.033,0.043,0.079,0.117,0.122,0.165,0.181,0.201,0.215,0.184,0.162,0.168,0.247,0.294,0.303,0.316,0.377,0.386,0.425,0.49,0.506,0.489,0.531,0.643,0.706,0.693,0.641,0.569,0.525,0.612,0.757,0.866,0.913,0.9,0.9,0.934,0.957,0.95,0.952,0.982,1,0.979,0.93,0.857,0.79,0.709,0.638,0.558,0.428,0.332,0.297,0.416,0.56,0.685,0.676,0.728,0.725,0.749,0.806,0.807,0.817,0.776,0.67,0.528,0.438,0.278,0.191,0.077,-0.102,-0.223,-0.339,-0.148,-0.121,-0.374,-0.483,-0.657,-0.658,-0.726,-0.784,-0.794,-0.773,-0.806,-0.814,-0.753,-0.751,-0.782,-0.732,-0.674,-0.722,-0.742,-0.686,-0.717,-0.751,-0.779,-0.798,-0.815,-0.828,-0.837,-0.834,-0.831,-0.823,-0.801,-0.798,-0.78,-0.743,-0.694,-0.661,-0.641,-0.586,-0.489,-0.458,-0.485,-0.542
0.064,0.021,-0.007,-0.042,-0.04,-0.039,-0.058,-0.078,-0.072,-0.073,-0.089,-0.083,-0.099,-0.117,-0.079,-0.078,-0.054,-0.024,-0.029,-0.04,-0.007,0.002,0.037,0.041,-0.009,-0.013,-0.011,-0.009,-0.01,0.012,0.027,0.058,0.059,0.064,0.049,0.035,0.032,-0.003,-0.036,-0.021,0.016,0.072,0.09,0.152,0.182,0.191,0.189,0.162,0.119,0.11,0.192,0.232,0.249,0.285,0.351,0.364,0.396,0.451,0.471,0.458,0.493,0.615,0.692,0.703,0.662,0.599,0.557,0.637,0.773,0.861,0.898,0.885,0.88,0.896,0.929,0.93,0.931,0.96,0.979,1,0.974,0.922,0.868,0.798,0.733,0.654,0.526,0.426,0.378,0.49,0.617,0.746,0.734,0.77,0.778,0.801,0.84,0.832,0.823,0.779,0.662,0.514,0.426,0.255,0.159,0.036,-0.147,-0.266,-0.384,-0.188,-0.152,-0.406,-0.52,-0.687,-0.684,-0.753,-0.807,-0.805,-0.782,-0.818,-0.819,-0.746,-0.749,-0.781,-0.722,-0.659,-0.712,-0.733,-0.671,-0.703,-0.742,-0.774,-0.798,-0.817,-0.835,-0.852,-0.848,-0.84,-0.84,-0.825,-0.818,-0.798,-0.771,-0.725,-0.685,-0.668,-0.621,-0.523,-0.485,-0.504,-0.554
0.01,-0.03,-0.052,-0.08,-0.075,-0.078,-0.096,-0.113,-0.104,-0.116,-0.134,-0.129,-0.142,-0.162,-0.116,-0.107,-0.083,-0.048,-0.048,-0.054,-0.016,-0.008,0.031,0.053,0.025,0.036,0.037,0.047,0.044,0.056,0.07,0.088,0.071,0.073,0.04,0.01,0.009,-0.015,-0.044,-0.021,0.025,0.079,0.083,0.151,0.186,0.198,0.202,0.191,0.142,0.123,0.203,0.235,0.26,0.309,0.368,0.394,0.424,0.455,0.469,0.47,0.497,0.61,0.687,0.711,0.682,0.617,0.569,0.636,0.767,0.841,0.868,0.854,0.841,0.839,0.868,0.881,0.87,0.902,0.93,0.974,1,0.967,0.923,0.868,0.803,0.736,0.613,0.513,0.474,0.578,0.672,0.775,0.757,0.774,0.783,0.792,0.807,0.791,0.77,0.73,0.62,0.478,0.405,0.249,0.172,0.036,-0.147,-0.268,-0.362,-0.153,-0.118,-0.373,-0.476,-0.651,-0.659,-0.728,-0.783,-0.796,-0.782,-0.811,-0.818,-0.763,-0.763,-0.79,-0.744,-0.691,-0.733,-0.751,-0.7,-0.725,-0.756,-0.78,-0.801,-0.817,-0.827,-0.833,-0.832,-0.826,-0.816,-0.796,-0.791,-0.769,-0.732,-0.683,-0.644,-0.623,-0.571,-0.472,-0.433,-0.459,-0.525
0.046,0.01,-0.009,-0.039,-0.028,-0.025,-0.046,-0.069,-0.069,-0.092,-0.128,-0.121,-0.13,-0.165,-0.117,-0.099,-0.096,-0.07,-0.078,-0.066,-0.034,-0.023,0.018,0.055,0.038,0.045,0.027,0.041,0.024,0.011,0.037,0.043,0.03,0.038,0.003,-0.019,-0.017,-0.041,-0.062,-0.04,-0.006,0.049,0.052,0.117,0.145,0.142,0.151,0.138,0.094,0.072,0.145,0.168,0.196,0.249,0.297,0.338,0.378,0.391,0.411,0.441,0.471,0.579,0.644,0.686,0.649,0.613,0.601,0.673,0.767,0.802,0.818,0.803,0.778,0.755,0.783,0.8,0.788,0.824,0.857,0.922,0.967,1,0.979,0.94,0.892,0.819,0.694,0.595,0.515,0.599,0.664,0.766,0.735,0.732,0.749,0.764,0.765,0.746,0.715,0.671,0.56,0.413,0.346,0.197,0.123,-0.007,-0.179,-0.296,-0.379,-0.18,-0.145,-0.382,-0.479,-0.635,-0.635,-0.694,-0.746,-0.75,-0.727,-0.757,-0.761,-0.699,-0.697,-0.726,-0.677,-0.621,-0.663,-0.684,-0.631,-0.658,-0.693,-0.719,-0.74,-0.759,-0.776,-0.789,-0.785,-0.779,-0.778,-0.763,-0.758,-0.741,-0.712,-0.669,-0.634,-0.618,-0.571,-0.481,-0.447,-0.469,-0.526
0.029,-0.011,-0.032,-0.065,-0.057,-0.056,-0.08,-0.106,-0.108,-0.134,-0.171,-0.154,-0.16,-0.193,-0.136,-0.113,-0.112,-0.094,-0.102,-0.081,-0.058,-0.043,-0.012,0.026,0.002,0.003,-0.019,-0.005,-0.027,-0.04,-0.006,0.003,0.006,0.028,0.003,-0.005,0.003,-0.015,-0.03,-0.005,0.02,0.078,0.085,0.142,0.161,0.137,0.146,0.14,0.098,0.078,0.147,0.165,0.189,0.242,0.279,0.325,0.36,0.363,0.386,0.426,0.449,0.55,0.603,0.649,0.613,0.583,0.564,0.627,0.716,0.733,0.742,0.728,0.7,0.678,0.711,0.724,0.718,0.758,0.79,0.868,0.923,0.979,1,0.975,0.931,0.855,0.736,0.637,0.543,0.617,0.658,0.756,0.723,0.704,0.73,0.744,0.725,0.713,0.681,0.644,0.548,0.413,0.359,0.228,0.157,0.033,-0.133,-0.245,-0.328,-0.133,-0.096,-0.325,-0.424,-0.577,-0.573,-0.635,-0.691,-0.695,-0.674,-0.707,-0.715,-0.657,-0.655,-0.686,-0.642,-0.588,-0.628,-0.649,-0.6,-0.626,-0.657,-0.681,-0.701,-0.719,-0.737,-0.746,-0.739,-0.734,-0.733,-0.714,-0.706,-0.693,-0.664,-0.617,-0.584,-0.571,-0.524,-0.434,-0.402,-0.423,-0.488
0.017,-0.023,-0.045,-0.076,-0.063,-0.069,-0.093,-0.123,-0.126,-0.156,-0.193,-0.163,-0.164,-0.193,-0.123,-0.094,-0.09,-0.084,-0.096,-0.074,-0.069,-0.057,-0.038,0.01,-0.007,-0.005,-0.036,-0.025,-0.054,-0.079,-0.049,-0.039,-0.037,-0.012,-0.029,-0.03,-0.013,-0.031,-0.041,-0.013,0.005,0.065,0.08,0.138,0.155,0.116,0.129,0.133,0.099,0.082,0.147,0.158,0.189,0.249,0.279,0.333,0.362,0.348,0.38,0.426,0.433,0.527,0.568,0.616,0.583,0.555,0.535,0.592,0.678,0.685,0.683,0.66,0.624,0.593,0.626,0.641,0.632,0.676,0.709,0.798,0.868,0.94,0.975,1,0.975,0.934,0.841,0.75,0.661,0.719,0.726,0.788,0.74,0.695,0.715,0.715,0.675,0.656,0.622,0.591,0.51,0.393,0.35,0.237,0.172,0.046,-0.116,-0.221,-0.299,-0.107,-0.07,-0.288,-0.381,-0.531,-0.525,-0.585,-0.644,-0.654,-0.633,-0.665,-0.68,-0.629,-0.623,-0.654,-0.621,-0.569,-0.601,-0.623,-0.584,-0.606,-0.635,-0.654,-0.669,-0.687,-0.703,-0.706,-0.699,-0.698,-0.694,-0.671,-0.665,-0.655,-0.623,-0.574,-0.545,-0.534,-0.484,-0.397,-0.369,-0.392,-0.464
0.031,-0.003,-0.018,-0.044,-0.026,-0.033,-0.051,-0.081,-0.089,-0.118,-0.165,-0.135,-0.135,-0.168,-0.1,-0.07,-0.073,-0.071,-0.092,-0.067,-0.07,-0.06,-0.034,0.024,0.013,0.014,-0.022,-0.011,-0.041,-0.073,-0.039,-0.029,-0.029,-0.003,-0.012,-0.015,0.002,-0.025,-0.038,-0.015,-0.008,0.047,0.063,0.12,0.14,0.093,0.095,0.099,0.054,0.034,0.105,0.112,0.148,0.212,0.237,0.297,0.327,0.301,0.329,0.383,0.389,0.473,0.508,0.564,0.535,0.522,0.517,0.578,0.65,0.642,0.634,0.595,0.554,0.514,0.553,0.573,0.563,0.604,0.638,0.733,0.803,0.892,0.931,0.975,1,0.957,0.867,0.765,0.66,0.71,0.694,0.748,0.696,0.643,0.668,0.67,0.625,0.599,0.558,0.524,0.442,0.33,0.295,0.187,0.112,-0.017,-0.173,-0.262,-0.334,-0.159,-0.12,-0.313,-0.395,-0.523,-0.514,-0.559,-0.611,-0.615,-0.587,-0.614,-0.625,-0.57,-0.563,-0.591,-0.554,-0.501,-0.531,-0.553,-0.512,-0.536,-0.568,-0.588,-0.603,-0.624,-0.645,-0.654,-0.649,-0.648,-0.65,-0.634,-0.631,-0.623,-0.599,-0.56,-0.536,-0.526,-0.484,-0.409,-0.384,-0.401,-0.456
0.056,0.028,0.019,0.001,0.02,-0.004,-0.026,-0.063,-0.072,-0.094,-0.137,-0.096,-0.094,-0.117,-0.036,-0.007,0,-0.007,-0.034,-0.023,-0.042,-0.044,-0.028,0.041,0.043,0.044,-0.007,-0.009,-0.047,-0.093,-0.081,-0.082,-0.095,-0.077,-0.084,-0.085,-0.066,-0.092,-0.105,-0.081,-0.068,-0.017,-0.001,0.065,0.091,0.055,0.059,0.082,0.054,0.039,0.098,0.093,0.124,0.195,0.215,0.271,0.286,0.251,0.286,0.328,0.313,0.404,0.445,0.512,0.504,0.487,0.475,0.514,0.58,0.575,0.56,0.526,0.486,0.438,0.475,0.493,0.476,0.524,0.558,0.654,0.736,0.819,0.855,0.934,0.957,1,0.952,0.854,0.782,0.822,0.767,0.769,0.704,0.625,0.639,0.62,0.559,0.522,0.48,0.444,0.368,0.27,0.231,0.138,0.082,-0.034,-0.17,-0.257,-0.311,-0.149,-0.123,-0.296,-0.363,-0.48,-0.468,-0.501,-0.556,-0.569,-0.534,-0.556,-0.577,-0.53,-0.513,-0.541,-0.519,-0.466,-0.484,-0.51,-0.482,-0.509,-0.542,-0.557,-0.561,-0.579,-0.601,-0.6,-0.595,-0.604,-0.605,-0.584,-0.586,-0.586,-0.557,-0.517,-0.505,-0.496,-0.449,-0.382,-0.367,-0.392,-0.458
-0.008,-0.034,-0.034,-0.051,-0.043,-0.085,-0.109,-0.144,-0.153,-0.168,-0.204,-0.159,-0.157,-0.167,-0.079,-0.049,-0.032,-0.055,-0.079,-0.08,-0.115,-0.116,-0.107,-0.03,-0.02,-0.014,-0.064,-0.06,-0.089,-0.133,-0.112,-0.112,-0.121,-0.102,-0.106,-0.098,-0.082,-0.097,-0.105,-0.086,-0.068,-0.03,-0.012,0.051,0.065,0.032,0.048,0.084,0.098,0.105,0.139,0.13,0.153,0.217,0.231,0.281,0.287,0.252,0.293,0.323,0.294,0.371,0.39,0.428,0.41,0.384,0.375,0.408,0.462,0.454,0.436,0.407,0.37,0.323,0.339,0.348,0.34,0.399,0.428,0.526,0.613,0.694,0.736,0.841,0.867,0.952,1,0.951,0.879,0.867,0.756,0.708,0.609,0.506,0.513,0.495,0.425,0.401,0.384,0.364,0.325,0.254,0.216,0.158,0.131,0.044,-0.063,-0.141,-0.181,-0.043,-0.026,-0.169,-0.225,-0.332,-0.318,-0.35,-0.41,-0.435,-0.404,-0.425,-0.459,-0.433,-0.413,-0.439,-0.438,-0.397,-0.402,-0.428,-0.419,-0.44,-0.464,-0.473,-0.467,-0.474,-0.49,-0.475,-0.467,-0.483,-0.475,-0.444,-0.448,-0.453,-0.417,-0.373,-0.37,-0.363,-0.312,-0.252,-0.248,-0.278,-0.357
-0.046,-0.076,-0.081,-0.096,-0.088,-0.127,-0.148,-0.17,-0.173,-0.187,-0.213,-0.173,-0.17,-0.173,-0.093,-0.064,-0.047,-0.078,-0.091,-0.102,-0.144,-0.144,-0.144,-0.072,-0.056,-0.039,-0.077,-0.061,-0.086,-0.128,-0.103,-0.105,-0.117,-0.102,-0.116,-0.11,-0.098,-0.097,-0.098,-0.082,-0.055,-0.032,-0.017,0.042,0.046,0.027,0.065,0.108,0.158,0.173,0.18,0.17,0.194,0.244,0.249,0.301,0.309,0.273,0.318,0.352,0.319,0.374,0.363,0.374,0.34,0.31,0.312,0.34,0.371,0.358,0.345,0.333,0.3,0.246,0.241,0.252,0.253,0.311,0.332,0.426,0.513,0.595,0.637,0.75,0.765,0.854,0.951,1,0.938,0.869,0.747,0.667,0.535,0.425,0.408,0.384,0.313,0.289,0.287,0.283,0.275,0.225,0.205,0.173,0.175,0.11,0.022,-0.059,-0.086,0.04,0.049,-0.085,-0.131,-0.239,-0.232,-0.266,-0.326,-0.361,-0.34,-0.358,-0.398,-0.39,-0.371,-0.393,-0.404,-0.376,-0.375,-0.397,-0.398,-0.411,-0.424,-0.427,-0.419,-0.419,-0.427,-0.402,-0.395,-0.412,-0.395,-0.358,-0.362,-0.367,-0.325,-0.278,-0.276,-0.268,-0.216,-0.159,-0.159,-0.193,-0.279
-0.052,-0.085,-0.096,-0.1,-0.085,-0.132,-0.146,-0.166,-0.164,-0.172,-0.182,-0.139,-0.132,-0.121,-0.039,-0.013,0.022,-0.005,-0.01,-0.036,-0.084,-0.096,-0.109,-0.045,-0.015,0.009,-0.022,-0.025,-0.046,-0.087,-0.092,-0.096,-0.127,-0.122,-0.138,-0.148,-0.129,-0.127,-0.131,-0.109,-0.066,-0.044,-0.026,0.033,0.049,0.046,0.074,0.13,0.163,0.169,0.183,0.165,0.2,0.262,0.269,0.323,0.312,0.261,0.307,0.326,0.269,0.318,0.322,0.34,0.329,0.288,0.259,0.267,0.314,0.325,0.307,0.291,0.263,0.213,0.213,0.228,0.223,0.28,0.297,0.378,0.474,0.515,0.543,0.661,0.66,0.782,0.879,0.938,1,0.955,0.84,0.711,0.594,0.482,0.442,0.383,0.305,0.25,0.239,0.237,0.224,0.192,0.179,0.15,0.158,0.091,0.009,-0.07,-0.086,0.035,0.034,-0.093,-0.127,-0.232,-0.23,-0.259,-0.316,-0.358,-0.339,-0.35,-0.392,-0.39,-0.368,-0.387,-0.406,-0.381,-0.374,-0.393,-0.402,-0.41,-0.421,-0.417,-0.407,-0.408,-0.411,-0.381,-0.38,-0.399,-0.38,-0.342,-0.35,-0.354,-0.31,-0.266,-0.267,-0.257,-0.204,-0.151,-0.152,-0.189,-0.276
-0.031,-0.067,-0.081,-0.08,-0.06,-0.105,-0.114,-0.145,-0.143,-0.142,-0.15,-0.1,-0.091,-0.08,0.008,0.034,0.077,0.063,0.059,0.04,-0.001,-0.013,-0.031,0.023,0.039,0.051,0.017,0.001,-0.032,-0.074,-0.097,-0.1,-0.132,-0.124,-0.123,-0.134,-0.106,-0.121,-0.133,-0.104,-0.066,-0.027,0.008,0.065,0.08,0.072,0.076,0.125,0.117,0.108,0.144,0.13,0.173,0.244,0.269,0.335,0.315,0.262,0.32,0.34,0.273,0.333,0.359,0.386,0.384,0.333,0.284,0.298,0.375,0.41,0.398,0.379,0.353,0.315,0.336,0.352,0.344,0.397,0.416,0.49,0.578,0.599,0.617,0.719,0.71,0.822,0.867,0.869,0.955,1,0.941,0.84,0.762,0.666,0.624,0.549,0.474,0.39,0.357,0.344,0.293,0.251,0.226,0.164,0.134,0.042,-0.068,-0.145,-0.188,-0.052,-0.04,-0.19,-0.243,-0.358,-0.351,-0.387,-0.443,-0.469,-0.445,-0.463,-0.493,-0.469,-0.452,-0.476,-0.476,-0.439,-0.444,-0.465,-0.458,-0.473,-0.495,-0.497,-0.492,-0.501,-0.511,-0.495,-0.494,-0.507,-0.497,-0.469,-0.472,-0.472,-0.437,-0.395,-0.385,-0.376,-0.328,-0.264,-0.255,-0.281,-0.356
0.017,-0.024,-0.055,-0.058,-0.031,-0.055,-0.062,-0.092,-0.086,-0.072,-0.071,-0.024,-0.015,-0.009,0.067,0.086,0.127,0.126,0.132,0.116,0.089,0.075,0.057,0.088,0.083,0.086,0.062,0.036,-0.005,-0.041,-0.081,-0.082,-0.122,-0.118,-0.106,-0.126,-0.093,-0.12,-0.138,-0.102,-0.065,-0.003,0.051,0.12,0.143,0.148,0.135,0.147,0.104,0.077,0.127,0.127,0.176,0.238,0.282,0.345,0.331,0.3,0.367,0.386,0.333,0.408,0.452,0.478,0.466,0.405,0.35,0.367,0.453,0.511,0.515,0.516,0.497,0.464,0.488,0.507,0.501,0.545,0.56,0.617,0.672,0.664,0.658,0.726,0.694,0.767,0.756,0.747,0.84,0.941,1,0.952,0.894,0.834,0.768,0.683,0.637,0.53,0.491,0.47,0.386,0.329,0.294,0.19,0.116,-0.001,-0.145,-0.225,-0.307,-0.152,-0.127,-0.311,-0.385,-0.514,-0.508,-0.553,-0.603,-0.611,-0.586,-0.61,-0.622,-0.573,-0.564,-0.591,-0.565,-0.517,-0.541,-0.561,-0.531,-0.551,-0.581,-0.593,-0.601,-0.619,-0.634,-0.635,-0.637,-0.639,-0.639,-0.623,-0.621,-0.612,-0.587,-0.55,-0.525,-0.514,-0.473,-0.399,-0.375,-0.392,-0.443
0.008,-0.03,-0.057,-0.062,-0.029,-0.041,-0.039,-0.071,-0.061,-0.045,-0.045,0.002,0.013,0.01,0.082,0.103,0.137,0.145,0.15,0.152,0.14,0.137,0.129,0.14,0.099,0.078,0.06,0.03,-0.016,-0.043,-0.08,-0.082,-0.11,-0.099,-0.068,-0.08,-0.045,-0.094,-0.121,-0.087,-0.062,0.02,0.091,0.163,0.187,0.174,0.134,0.121,0.044,0.008,0.074,0.091,0.138,0.206,0.274,0.333,0.317,0.311,0.388,0.404,0.364,0.464,0.526,0.554,0.529,0.464,0.408,0.447,0.553,0.615,0.626,0.62,0.6,0.578,0.62,0.634,0.634,0.67,0.685,0.746,0.775,0.766,0.756,0.788,0.748,0.769,0.708,0.667,0.711,0.84,0.952,1,0.971,0.936,0.892,0.836,0.804,0.709,0.661,0.626,0.507,0.419,0.363,0.215,0.097,-0.035,-0.207,-0.286,-0.408,-0.242,-0.198,-0.405,-0.507,-0.639,-0.624,-0.68,-0.724,-0.704,-0.674,-0.71,-0.702,-0.621,-0.623,-0.656,-0.599,-0.537,-0.582,-0.605,-0.549,-0.579,-0.62,-0.647,-0.668,-0.694,-0.719,-0.743,-0.741,-0.73,-0.746,-0.745,-0.734,-0.719,-0.711,-0.678,-0.638,-0.63,-0.601,-0.518,-0.479,-0.48,-0.507
-0.028,-0.061,-0.083,-0.076,-0.033,-0.043,-0.024,-0.052,-0.036,-0.021,-0.007,0.048,0.066,0.069,0.142,0.165,0.203,0.223,0.234,0.244,0.242,0.241,0.227,0.221,0.16,0.123,0.114,0.072,0.016,-0.004,-0.06,-0.069,-0.1,-0.095,-0.055,-0.067,-0.031,-0.089,-0.122,-0.085,-0.063,0.032,0.116,0.185,0.214,0.187,0.121,0.104,-0.01,-0.061,0.019,0.036,0.088,0.166,0.243,0.303,0.273,0.262,0.344,0.356,0.305,0.409,0.485,0.527,0.523,0.457,0.376,0.405,0.53,0.597,0.606,0.599,0.582,0.567,0.633,0.646,0.641,0.664,0.676,0.734,0.757,0.735,0.723,0.74,0.696,0.704,0.609,0.535,0.594,0.762,0.894,0.971,1,0.981,0.957,0.899,0.86,0.761,0.691,0.654,0.518,0.431,0.377,0.215,0.081,-0.061,-0.238,-0.306,-0.439,-0.276,-0.223,-0.428,-0.539,-0.665,-0.647,-0.707,-0.745,-0.711,-0.684,-0.724,-0.705,-0.614,-0.621,-0.655,-0.588,-0.522,-0.574,-0.595,-0.531,-0.564,-0.608,-0.639,-0.665,-0.694,-0.721,-0.754,-0.753,-0.735,-0.758,-0.765,-0.748,-0.73,-0.732,-0.703,-0.655,-0.649,-0.629,-0.544,-0.497,-0.487,-0.505
-0.02,-0.052,-0.077,-0.073,-0.031,-0.032,-0.013,-0.039,-0.022,-0.004,0.014,0.063,0.079,0.081,0.146,0.165,0.203,0.232,0.248,0.258,0.268,0.271,0.259,0.242,0.17,0.13,0.131,0.087,0.035,0.024,-0.034,-0.039,-0.07,-0.069,-0.027,-0.043,-0.01,-0.071,-0.107,-0.072,-0.05,0.048,0.132,0.202,0.237,0.22,0.151,0.122,-0.006,-0.061,0.027,0.054,0.106,0.178,0.26,0.313,0.286,0.288,0.363,0.369,0.33,0.438,0.522,0.562,0.554,0.485,0.399,0.432,0.563,0.64,0.656,0.649,0.636,0.628,0.696,0.707,0.7,0.716,0.728,0.77,0.774,0.732,0.704,0.695,0.643,0.625,0.506,0.425,0.482,0.666,0.834,0.936,0.981,1,0.973,0.921,0.905,0.809,0.741,0.698,0.554,0.456,0.397,0.22,0.075,-0.073,-0.259,-0.328,-0.47,-0.303,-0.247,-0.46,-0.576,-0.705,-0.689,-0.752,-0.786,-0.748,-0.722,-0.763,-0.738,-0.641,-0.652,-0.686,-0.61,-0.542,-0.6,-0.62,-0.549,-0.582,-0.628,-0.663,-0.693,-0.724,-0.751,-0.79,-0.789,-0.768,-0.792,-0.803,-0.786,-0.764,-0.769,-0.742,-0.69,-0.683,-0.664,-0.577,-0.526,-0.514,-0.523
-0.074,-0.098,-0.108,-0.099,-0.051,-0.06,-0.034,-0.065,-0.047,-0.036,-0.016,0.043,0.065,0.066,0.141,0.169,0.208,0.237,0.249,0.267,0.28,0.289,0.278,0.252,0.163,0.111,0.119,0.07,0.02,0.019,-0.039,-0.042,-0.067,-0.063,-0.007,-0.015,0.021,-0.055,-0.098,-0.061,-0.047,0.061,0.152,0.221,0.255,0.214,0.126,0.108,-0.039,-0.094,0.011,0.044,0.102,0.191,0.284,0.333,0.293,0.297,0.374,0.368,0.322,0.44,0.535,0.575,0.57,0.495,0.393,0.431,0.578,0.651,0.658,0.635,0.618,0.617,0.704,0.708,0.697,0.707,0.725,0.778,0.783,0.749,0.73,0.715,0.668,0.639,0.513,0.408,0.442,0.624,0.768,0.892,0.957,0.973,1,0.979,0.949,0.884,0.806,0.763,0.614,0.504,0.436,0.251,0.095,-0.062,-0.257,-0.318,-0.471,-0.301,-0.234,-0.448,-0.577,-0.706,-0.683,-0.754,-0.79,-0.741,-0.715,-0.764,-0.736,-0.63,-0.645,-0.683,-0.6,-0.527,-0.592,-0.615,-0.539,-0.576,-0.624,-0.664,-0.697,-0.726,-0.757,-0.8,-0.796,-0.771,-0.8,-0.813,-0.79,-0.767,-0.778,-0.749,-0.689,-0.686,-0.672,-0.58,-0.523,-0.502,-0.513
-0.097,-0.115,-0.114,-0.11,-0.065,-0.076,-0.052,-0.088,-0.074,-0.065,-0.049,0.009,0.031,0.027,0.102,0.134,0.17,0.197,0.204,0.225,0.243,0.26,0.258,0.222,0.12,0.06,0.076,0.029,-0.008,0.004,-0.043,-0.037,-0.049,-0.038,0.031,0.032,0.066,-0.02,-0.069,-0.033,-0.027,0.081,0.174,0.238,0.266,0.212,0.115,0.097,-0.054,-0.102,0.014,0.06,0.117,0.21,0.315,0.353,0.311,0.331,0.408,0.39,0.351,0.481,0.579,0.606,0.586,0.504,0.406,0.459,0.612,0.683,0.688,0.65,0.631,0.639,0.729,0.725,0.715,0.724,0.749,0.801,0.792,0.764,0.744,0.715,0.67,0.62,0.495,0.384,0.383,0.549,0.683,0.836,0.899,0.921,0.979,1,0.978,0.947,0.879,0.834,0.684,0.559,0.473,0.28,0.113,-0.044,-0.246,-0.303,-0.47,-0.3,-0.226,-0.44,-0.58,-0.708,-0.679,-0.755,-0.792,-0.735,-0.707,-0.763,-0.732,-0.617,-0.636,-0.677,-0.587,-0.511,-0.582,-0.607,-0.527,-0.567,-0.619,-0.664,-0.699,-0.727,-0.761,-0.809,-0.8,-0.773,-0.806,-0.821,-0.793,-0.771,-0.786,-0.756,-0.693,-0.693,-0.681,-0.586,-0.528,-0.502,-0.51
-0.021,-0.039,-0.043,-0.045,-0.009,-0.015,0.001,-0.035,-0.026,-0.01,0.002,0.049,0.064,0.054,0.113,0.136,0.166,0.193,0.196,0.211,0.23,0.243,0.249,0.211,0.111,0.054,0.068,0.019,-0.013,-0.001,-0.049,-0.039,-0.053,-0.048,0.016,0.015,0.046,-0.039,-0.087,-0.054,-0.047,0.059,0.15,0.216,0.25,0.219,0.131,0.097,-0.05,-0.098,0.014,0.07,0.118,0.202,0.31,0.338,0.306,0.343,0.417,0.395,0.374,0.508,0.611,0.638,0.61,0.537,0.455,0.519,0.663,0.737,0.75,0.72,0.705,0.718,0.796,0.789,0.781,0.786,0.806,0.84,0.807,0.765,0.725,0.675,0.625,0.559,0.425,0.313,0.305,0.474,0.637,0.804,0.86,0.905,0.949,0.978,1,0.965,0.909,0.847,0.684,0.541,0.435,0.229,0.058,-0.089,-0.288,-0.35,-0.519,-0.356,-0.288,-0.502,-0.638,-0.758,-0.727,-0.794,-0.827,-0.765,-0.729,-0.782,-0.746,-0.623,-0.64,-0.681,-0.584,-0.502,-0.578,-0.603,-0.517,-0.561,-0.618,-0.666,-0.702,-0.734,-0.773,-0.827,-0.82,-0.794,-0.832,-0.852,-0.828,-0.808,-0.826,-0.802,-0.744,-0.743,-0.733,-0.644,-0.588,-0.564,-0.559
-0.089,-0.106,-0.105,-0.122,-0.098,-0.107,-0.105,-0.143,-0.135,-0.124,-0.111,-0.062,-0.045,-0.053,0.015,0.044,0.078,0.104,0.112,0.126,0.156,0.182,0.192,0.147,0.031,-0.027,0.004,-0.037,-0.047,-0.003,-0.034,-0.002,0.01,0.023,0.097,0.111,0.134,0.051,-0.001,0.03,0.038,0.14,0.221,0.281,0.303,0.259,0.171,0.143,0.011,-0.02,0.101,0.165,0.206,0.282,0.387,0.393,0.363,0.421,0.483,0.442,0.432,0.58,0.679,0.683,0.644,0.551,0.45,0.51,0.669,0.746,0.755,0.71,0.691,0.716,0.791,0.769,0.759,0.773,0.807,0.832,0.791,0.746,0.713,0.656,0.599,0.522,0.401,0.289,0.25,0.39,0.53,0.709,0.761,0.809,0.884,0.947,0.965,1,0.972,0.927,0.803,0.657,0.545,0.352,0.188,0.041,-0.165,-0.23,-0.409,-0.236,-0.166,-0.39,-0.541,-0.684,-0.65,-0.734,-0.784,-0.734,-0.703,-0.766,-0.746,-0.635,-0.651,-0.697,-0.611,-0.532,-0.605,-0.634,-0.558,-0.602,-0.653,-0.701,-0.732,-0.753,-0.788,-0.828,-0.814,-0.793,-0.819,-0.823,-0.796,-0.779,-0.783,-0.743,-0.685,-0.685,-0.662,-0.56,-0.508,-0.491,-0.517
-0.094,-0.122,-0.134,-0.172,-0.176,-0.194,-0.215,-0.261,-0.256,-0.234,-0.22,-0.17,-0.159,-0.157,-0.085,-0.061,-0.013,0.006,0.014,0.017,0.042,0.073,0.076,0.026,-0.095,-0.149,-0.111,-0.143,-0.137,-0.068,-0.08,-0.018,0.02,0.045,0.129,0.159,0.178,0.106,0.057,0.085,0.099,0.187,0.262,0.313,0.315,0.276,0.205,0.172,0.074,0.072,0.186,0.251,0.278,0.329,0.423,0.411,0.389,0.469,0.525,0.473,0.472,0.622,0.71,0.689,0.633,0.532,0.427,0.488,0.654,0.74,0.75,0.701,0.685,0.73,0.787,0.748,0.751,0.783,0.817,0.823,0.77,0.715,0.681,0.622,0.558,0.48,0.384,0.287,0.239,0.357,0.491,0.661,0.691,0.741,0.806,0.879,0.909,0.972,1,0.975,0.89,0.764,0.643,0.467,0.311,0.181,-0.022,-0.089,-0.281,-0.112,-0.047,-0.272,-0.432,-0.589,-0.55,-0.645,-0.711,-0.674,-0.645,-0.715,-0.712,-0.615,-0.628,-0.679,-0.61,-0.536,-0.603,-0.636,-0.571,-0.615,-0.658,-0.702,-0.725,-0.737,-0.767,-0.792,-0.772,-0.76,-0.776,-0.763,-0.737,-0.726,-0.716,-0.663,-0.611,-0.614,-0.578,-0.47,-0.43,-0.419,-0.465
-0.197,-0.234,-0.254,-0.299,-0.308,-0.324,-0.342,-0.379,-0.368,-0.348,-0.323,-0.27,-0.257,-0.243,-0.168,-0.145,-0.086,-0.064,-0.047,-0.049,-0.02,0.017,0.011,-0.049,-0.173,-0.221,-0.167,-0.184,-0.166,-0.071,-0.064,0.02,0.08,0.116,0.2,0.235,0.251,0.191,0.148,0.173,0.187,0.266,0.335,0.369,0.344,0.287,0.218,0.187,0.109,0.123,0.237,0.3,0.327,0.362,0.449,0.437,0.419,0.5,0.553,0.499,0.494,0.629,0.697,0.645,0.582,0.463,0.347,0.402,0.581,0.68,0.692,0.641,0.626,0.683,0.738,0.696,0.706,0.743,0.776,0.779,0.73,0.671,0.644,0.591,0.524,0.444,0.364,0.283,0.237,0.344,0.47,0.626,0.654,0.698,0.763,0.834,0.847,0.927,0.975,1,0.955,0.867,0.77,0.613,0.467,0.341,0.133,0.072,-0.13,0.045,0.116,-0.117,-0.287,-0.467,-0.437,-0.555,-0.63,-0.609,-0.601,-0.676,-0.685,-0.612,-0.631,-0.681,-0.628,-0.57,-0.63,-0.661,-0.607,-0.643,-0.669,-0.707,-0.727,-0.727,-0.743,-0.753,-0.73,-0.715,-0.715,-0.687,-0.656,-0.641,-0.618,-0.551,-0.49,-0.493,-0.45,-0.328,-0.287,-0.279,-0.347
-0.284,-0.328,-0.356,-0.414,-0.447,-0.474,-0.508,-0.541,-0.529,-0.509,-0.478,-0.42,-0.41,-0.382,-0.299,-0.278,-0.204,-0.185,-0.159,-0.168,-0.139,-0.095,-0.118,-0.181,-0.305,-0.34,-0.267,-0.264,-0.232,-0.106,-0.077,0.032,0.12,0.166,0.255,0.307,0.315,0.277,0.241,0.263,0.287,0.347,0.4,0.423,0.37,0.314,0.263,0.24,0.203,0.246,0.35,0.404,0.418,0.423,0.483,0.461,0.454,0.539,0.576,0.522,0.525,0.644,0.679,0.602,0.531,0.404,0.278,0.314,0.489,0.584,0.591,0.54,0.523,0.587,0.619,0.569,0.584,0.635,0.67,0.662,0.62,0.56,0.548,0.51,0.442,0.368,0.325,0.275,0.224,0.293,0.386,0.507,0.518,0.554,0.614,0.684,0.684,0.803,0.89,0.955,1,0.955,0.883,0.778,0.665,0.556,0.36,0.302,0.107,0.282,0.345,0.12,-0.052,-0.255,-0.228,-0.364,-0.461,-0.472,-0.478,-0.558,-0.597,-0.563,-0.578,-0.631,-0.613,-0.574,-0.616,-0.648,-0.623,-0.651,-0.658,-0.683,-0.687,-0.668,-0.668,-0.648,-0.617,-0.615,-0.59,-0.532,-0.502,-0.494,-0.445,-0.355,-0.302,-0.307,-0.243,-0.112,-0.086,-0.093,-0.205
-0.369,-0.421,-0.457,-0.517,-0.557,-0.59,-0.618,-0.643,-0.625,-0.597,-0.554,-0.494,-0.486,-0.437,-0.354,-0.342,-0.253,-0.24,-0.21,-0.22,-0.2,-0.153,-0.195,-0.271,-0.395,-0.429,-0.347,-0.333,-0.296,-0.149,-0.11,0.017,0.126,0.189,0.288,0.35,0.361,0.332,0.304,0.322,0.332,0.376,0.429,0.425,0.34,0.263,0.208,0.183,0.166,0.231,0.322,0.363,0.379,0.367,0.417,0.4,0.388,0.466,0.507,0.453,0.438,0.526,0.537,0.431,0.359,0.23,0.103,0.139,0.32,0.426,0.428,0.37,0.358,0.442,0.475,0.418,0.452,0.507,0.528,0.514,0.478,0.413,0.413,0.393,0.33,0.27,0.254,0.225,0.192,0.251,0.329,0.419,0.431,0.456,0.504,0.559,0.541,0.657,0.764,0.867,0.955,1,0.964,0.895,0.784,0.692,0.513,0.487,0.283,0.43,0.5,0.309,0.14,-0.055,-0.035,-0.183,-0.276,-0.293,-0.321,-0.403,-0.446,-0.439,-0.463,-0.51,-0.511,-0.495,-0.527,-0.551,-0.542,-0.556,-0.542,-0.556,-0.558,-0.529,-0.515,-0.485,-0.452,-0.445,-0.41,-0.347,-0.311,-0.299,-0.249,-0.158,-0.099,-0.108,-0.051,0.077,0.101,0.103,-0.006
-0.442,-0.5,-0.542,-0.593,-0.622,-0.64,-0.65,-0.656,-0.631,-0.618,-0.57,-0.519,-0.514,-0.461,-0.386,-0.38,-0.293,-0.273,-0.231,-0.232,-0.203,-0.148,-0.191,-0.26,-0.373,-0.394,-0.305,-0.274,-0.242,-0.095,-0.045,0.077,0.185,0.24,0.316,0.37,0.372,0.358,0.338,0.351,0.361,0.392,0.433,0.419,0.331,0.244,0.194,0.174,0.173,0.239,0.317,0.352,0.373,0.353,0.392,0.386,0.374,0.435,0.469,0.427,0.409,0.469,0.455,0.345,0.282,0.152,0.022,0.047,0.225,0.326,0.334,0.286,0.276,0.357,0.39,0.346,0.381,0.425,0.438,0.426,0.405,0.346,0.359,0.35,0.295,0.231,0.216,0.205,0.179,0.226,0.294,0.363,0.377,0.397,0.436,0.473,0.435,0.545,0.643,0.77,0.883,0.964,1,0.954,0.864,0.764,0.589,0.569,0.381,0.536,0.616,0.425,0.261,0.055,0.053,-0.111,-0.197,-0.229,-0.287,-0.363,-0.408,-0.429,-0.462,-0.499,-0.513,-0.52,-0.543,-0.556,-0.556,-0.554,-0.519,-0.523,-0.529,-0.493,-0.46,-0.42,-0.39,-0.375,-0.324,-0.255,-0.215,-0.19,-0.134,-0.038,0.032,0.028,0.083,0.216,0.248,0.248,0.133
-0.477,-0.538,-0.581,-0.645,-0.699,-0.722,-0.749,-0.757,-0.742,-0.735,-0.696,-0.647,-0.642,-0.585,-0.506,-0.496,-0.405,-0.395,-0.35,-0.355,-0.333,-0.277,-0.33,-0.39,-0.482,-0.485,-0.398,-0.349,-0.301,-0.145,-0.069,0.071,0.202,0.271,0.344,0.411,0.412,0.425,0.419,0.431,0.443,0.451,0.473,0.432,0.316,0.22,0.199,0.195,0.234,0.324,0.386,0.408,0.423,0.378,0.386,0.386,0.388,0.434,0.453,0.427,0.411,0.43,0.376,0.238,0.165,0.039,-0.074,-0.055,0.1,0.191,0.193,0.142,0.131,0.215,0.219,0.171,0.208,0.263,0.278,0.255,0.249,0.197,0.228,0.237,0.187,0.138,0.158,0.173,0.15,0.164,0.19,0.215,0.215,0.22,0.251,0.28,0.229,0.352,0.467,0.613,0.778,0.895,0.954,1,0.953,0.878,0.737,0.729,0.574,0.707,0.772,0.619,0.475,0.275,0.267,0.107,0.012,-0.048,-0.116,-0.186,-0.253,-0.314,-0.341,-0.373,-0.422,-0.451,-0.453,-0.463,-0.493,-0.478,-0.425,-0.412,-0.405,-0.355,-0.309,-0.244,-0.211,-0.208,-0.138,-0.05,-0.015,0.001,0.075,0.179,0.235,0.229,0.295,0.419,0.433,0.423,0.282
-0.491,-0.552,-0.598,-0.659,-0.721,-0.738,-0.766,-0.763,-0.749,-0.765,-0.724,-0.689,-0.685,-0.628,-0.562,-0.552,-0.466,-0.459,-0.406,-0.42,-0.397,-0.336,-0.389,-0.424,-0.485,-0.461,-0.379,-0.306,-0.255,-0.109,-0.017,0.109,0.236,0.287,0.314,0.376,0.361,0.412,0.42,0.423,0.46,0.441,0.431,0.381,0.261,0.199,0.229,0.252,0.349,0.449,0.479,0.487,0.484,0.42,0.395,0.393,0.406,0.441,0.442,0.419,0.408,0.399,0.313,0.17,0.104,-0.016,-0.123,-0.117,0.02,0.104,0.117,0.09,0.089,0.168,0.148,0.102,0.133,0.185,0.191,0.159,0.172,0.123,0.157,0.172,0.112,0.082,0.131,0.175,0.158,0.134,0.116,0.097,0.081,0.075,0.095,0.113,0.058,0.188,0.311,0.467,0.665,0.784,0.864,0.953,1,0.962,0.865,0.825,0.737,0.866,0.897,0.747,0.632,0.42,0.397,0.239,0.133,0.033,-0.045,-0.103,-0.198,-0.301,-0.316,-0.341,-0.427,-0.474,-0.452,-0.461,-0.518,-0.495,-0.425,-0.399,-0.377,-0.312,-0.251,-0.156,-0.124,-0.136,-0.042,0.07,0.095,0.107,0.208,0.325,0.366,0.365,0.452,0.574,0.572,0.534,0.352
-0.428,-0.493,-0.542,-0.611,-0.692,-0.713,-0.75,-0.749,-0.738,-0.75,-0.708,-0.672,-0.672,-0.609,-0.549,-0.545,-0.464,-0.472,-0.429,-0.45,-0.444,-0.391,-0.454,-0.488,-0.545,-0.525,-0.461,-0.386,-0.343,-0.208,-0.105,0.014,0.157,0.218,0.24,0.32,0.301,0.369,0.391,0.382,0.412,0.373,0.357,0.287,0.159,0.104,0.158,0.181,0.323,0.442,0.443,0.444,0.423,0.34,0.296,0.285,0.303,0.345,0.346,0.321,0.31,0.283,0.182,0.027,-0.042,-0.137,-0.219,-0.211,-0.1,-0.028,-0.01,-0.02,-0.014,0.073,0.037,-0.019,0.027,0.086,0.077,0.036,0.036,-0.007,0.033,0.046,-0.017,-0.034,0.044,0.11,0.091,0.042,-0.001,-0.035,-0.061,-0.073,-0.062,-0.044,-0.089,0.041,0.181,0.341,0.556,0.692,0.764,0.878,0.962,1,0.964,0.924,0.852,0.922,0.925,0.823,0.725,0.549,0.544,0.403,0.295,0.202,0.135,0.075,-0.026,-0.131,-0.14,-0.169,-0.265,-0.315,-0.287,-0.299,-0.365,-0.345,-0.273,-0.249,-0.218,-0.149,-0.094,0.004,0.041,0.02,0.107,0.22,0.243,0.24,0.335,0.447,0.472,0.462,0.544,0.646,0.625,0.589,0.414
-0.371,-0.43,-0.477,-0.542,-0.631,-0.652,-0.69,-0.683,-0.676,-0.693,-0.653,-0.625,-0.626,-0.561,-0.516,-0.517,-0.449,-0.469,-0.433,-0.457,-0.464,-0.419,-0.486,-0.509,-0.544,-0.521,-0.477,-0.401,-0.368,-0.257,-0.154,-0.054,0.084,0.141,0.147,0.233,0.208,0.294,0.329,0.31,0.336,0.276,0.25,0.168,0.041,0.003,0.078,0.107,0.284,0.412,0.377,0.367,0.331,0.238,0.174,0.157,0.176,0.212,0.207,0.184,0.173,0.119,0.005,-0.147,-0.207,-0.27,-0.321,-0.322,-0.25,-0.201,-0.184,-0.176,-0.161,-0.078,-0.13,-0.185,-0.135,-0.08,-0.102,-0.147,-0.147,-0.179,-0.133,-0.116,-0.173,-0.17,-0.063,0.022,0.009,-0.068,-0.145,-0.207,-0.238,-0.259,-0.257,-0.246,-0.288,-0.165,-0.022,0.133,0.36,0.513,0.589,0.737,0.865,0.964,1,0.971,0.943,0.95,0.926,0.89,0.825,0.698,0.702,0.586,0.487,0.396,0.337,0.284,0.18,0.065,0.061,0.036,-0.074,-0.133,-0.093,-0.104,-0.182,-0.16,-0.084,-0.056,-0.018,0.055,0.109,0.21,0.247,0.219,0.301,0.41,0.429,0.414,0.502,0.602,0.609,0.592,0.665,0.738,0.701,0.666,0.504
-0.399,-0.452,-0.49,-0.552,-0.639,-0.665,-0.696,-0.687,-0.682,-0.689,-0.649,-0.622,-0.621,-0.554,-0.514,-0.517,-0.449,-0.475,-0.445,-0.462,-0.476,-0.434,-0.504,-0.539,-0.574,-0.562,-0.515,-0.447,-0.412,-0.3,-0.201,-0.094,0.049,0.118,0.148,0.241,0.227,0.297,0.334,0.315,0.313,0.254,0.24,0.144,0.008,-0.056,-0.011,0.005,0.165,0.299,0.266,0.26,0.238,0.151,0.102,0.087,0.095,0.128,0.132,0.11,0.087,0.019,-0.094,-0.259,-0.324,-0.381,-0.419,-0.413,-0.349,-0.307,-0.301,-0.307,-0.294,-0.206,-0.252,-0.307,-0.25,-0.202,-0.223,-0.266,-0.268,-0.296,-0.245,-0.221,-0.262,-0.257,-0.141,-0.059,-0.07,-0.145,-0.225,-0.286,-0.306,-0.328,-0.318,-0.303,-0.35,-0.23,-0.089,0.072,0.302,0.487,0.569,0.729,0.825,0.924,0.971,1,0.956,0.922,0.919,0.937,0.873,0.786,0.797,0.683,0.603,0.535,0.47,0.414,0.327,0.217,0.203,0.181,0.078,0.012,0.048,0.042,-0.034,-0.006,0.074,0.101,0.133,0.205,0.257,0.346,0.383,0.366,0.435,0.529,0.556,0.543,0.608,0.694,0.707,0.683,0.732,0.79,0.758,0.746,0.619
-0.368,-0.41,-0.44,-0.49,-0.576,-0.591,-0.618,-0.6,-0.602,-0.631,-0.602,-0.598,-0.598,-0.543,-0.525,-0.526,-0.476,-0.501,-0.465,-0.482,-0.49,-0.445,-0.502,-0.506,-0.497,-0.459,-0.426,-0.342,-0.306,-0.222,-0.12,-0.042,0.072,0.113,0.095,0.168,0.14,0.238,0.284,0.26,0.28,0.203,0.16,0.068,-0.05,-0.078,0.003,0.034,0.226,0.352,0.291,0.266,0.229,0.136,0.06,0.048,0.062,0.074,0.057,0.045,0.032,-0.063,-0.194,-0.339,-0.384,-0.42,-0.44,-0.45,-0.419,-0.398,-0.387,-0.372,-0.353,-0.282,-0.349,-0.389,-0.348,-0.314,-0.339,-0.384,-0.362,-0.379,-0.328,-0.299,-0.334,-0.311,-0.181,-0.086,-0.086,-0.188,-0.307,-0.408,-0.439,-0.47,-0.471,-0.47,-0.519,-0.409,-0.281,-0.13,0.107,0.283,0.381,0.574,0.737,0.852,0.943,0.956,1,0.956,0.922,0.966,0.951,0.876,0.866,0.776,0.703,0.604,0.531,0.5,0.401,0.256,0.253,0.246,0.117,0.033,0.092,0.093,-0.005,0.033,0.125,0.165,0.207,0.285,0.349,0.455,0.485,0.457,0.544,0.646,0.658,0.644,0.725,0.807,0.803,0.787,0.844,0.884,0.841,0.806,0.664
-0.442,-0.49,-0.524,-0.574,-0.652,-0.662,-0.688,-0.67,-0.668,-0.708,-0.677,-0.671,-0.671,-0.618,-0.587,-0.583,-0.521,-0.53,-0.48,-0.498,-0.486,-0.43,-0.478,-0.476,-0.474,-0.422,-0.373,-0.278,-0.232,-0.13,-0.022,0.066,0.175,0.209,0.179,0.236,0.205,0.305,0.341,0.329,0.374,0.314,0.265,0.196,0.082,0.058,0.143,0.182,0.361,0.475,0.436,0.416,0.384,0.299,0.229,0.221,0.239,0.251,0.228,0.214,0.208,0.133,0.007,-0.137,-0.184,-0.256,-0.309,-0.323,-0.256,-0.213,-0.195,-0.185,-0.17,-0.102,-0.164,-0.202,-0.172,-0.134,-0.148,-0.188,-0.153,-0.18,-0.133,-0.107,-0.159,-0.149,-0.043,0.04,0.035,-0.052,-0.152,-0.242,-0.276,-0.303,-0.301,-0.3,-0.356,-0.236,-0.112,0.045,0.282,0.43,0.536,0.707,0.866,0.922,0.95,0.922,0.956,1,0.981,0.937,0.896,0.748,0.714,0.594,0.504,0.377,0.288,0.257,0.147,-0.009,-0.013,-0.02,-0.15,-0.233,-0.176,-0.175,-0.27,-0.23,-0.136,-0.093,-0.053,0.028,0.104,0.223,0.251,0.225,0.334,0.453,0.465,0.465,0.573,0.677,0.688,0.686,0.767,0.843,0.814,0.762,0.577
-0.496,-0.547,-0.577,-0.622,-0.687,-0.7,-0.717,-0.698,-0.692,-0.729,-0.696,-0.685,-0.685,-0.631,-0.594,-0.59,-0.524,-0.53,-0.479,-0.493,-0.478,-0.419,-0.469,-0.474,-0.482,-0.436,-0.379,-0.288,-0.241,-0.133,-0.025,0.071,0.179,0.221,0.209,0.263,0.241,0.326,0.355,0.348,0.383,0.337,0.303,0.237,0.124,0.074,0.135,0.165,0.324,0.437,0.411,0.402,0.386,0.315,0.264,0.258,0.267,0.281,0.266,0.249,0.234,0.162,0.042,-0.116,-0.172,-0.259,-0.317,-0.324,-0.246,-0.196,-0.178,-0.176,-0.162,-0.092,-0.143,-0.179,-0.147,-0.11,-0.121,-0.152,-0.118,-0.145,-0.096,-0.07,-0.12,-0.123,-0.026,0.049,0.034,-0.04,-0.127,-0.198,-0.223,-0.247,-0.234,-0.226,-0.288,-0.166,-0.047,0.116,0.345,0.5,0.616,0.772,0.897,0.925,0.926,0.919,0.922,0.981,1,0.944,0.878,0.723,0.685,0.544,0.462,0.353,0.249,0.209,0.115,-0.031,-0.051,-0.057,-0.171,-0.256,-0.212,-0.207,-0.29,-0.245,-0.148,-0.109,-0.082,-0.002,0.077,0.184,0.212,0.203,0.307,0.416,0.44,0.453,0.549,0.651,0.685,0.682,0.75,0.838,0.827,0.793,0.625
-0.449,-0.486,-0.504,-0.543,-0.615,-0.634,-0.65,-0.63,-0.632,-0.662,-0.637,-0.632,-0.632,-0.581,-0.56,-0.559,-0.508,-0.53,-0.492,-0.5,-0.502,-0.453,-0.506,-0.51,-0.498,-0.46,-0.421,-0.337,-0.294,-0.206,-0.103,-0.018,0.092,0.141,0.14,0.205,0.188,0.269,0.308,0.292,0.299,0.232,0.197,0.107,-0.01,-0.067,-0.019,0.006,0.172,0.297,0.248,0.232,0.215,0.142,0.086,0.079,0.079,0.084,0.069,0.058,0.035,-0.066,-0.193,-0.35,-0.4,-0.452,-0.473,-0.48,-0.443,-0.421,-0.417,-0.419,-0.404,-0.334,-0.391,-0.426,-0.385,-0.356,-0.374,-0.406,-0.373,-0.382,-0.325,-0.288,-0.313,-0.296,-0.169,-0.085,-0.093,-0.19,-0.311,-0.405,-0.428,-0.46,-0.448,-0.44,-0.502,-0.39,-0.272,-0.117,0.12,0.309,0.425,0.619,0.747,0.823,0.89,0.937,0.966,0.937,0.944,1,0.972,0.901,0.878,0.772,0.715,0.628,0.533,0.5,0.418,0.272,0.252,0.252,0.133,0.039,0.091,0.099,0.007,0.056,0.156,0.196,0.228,0.306,0.378,0.476,0.503,0.494,0.579,0.67,0.694,0.695,0.764,0.84,0.857,0.843,0.883,0.927,0.904,0.889,0.765
-0.419,-0.444,-0.458,-0.492,-0.565,-0.571,-0.584,-0.554,-0.56,-0.596,-0.58,-0.595,-0.596,-0.551,-0.554,-0.556,-0.519,-0.538,-0.5,-0.502,-0.499,-0.451,-0.491,-0.482,-0.442,-0.39,-0.357,-0.267,-0.218,-0.143,-0.039,0.028,0.124,0.158,0.129,0.18,0.155,0.252,0.298,0.276,0.289,0.205,0.149,0.056,-0.051,-0.085,-0.024,0,0.175,0.291,0.223,0.195,0.165,0.084,0.015,0.007,0.009,0.003,-0.026,-0.031,-0.047,-0.165,-0.297,-0.436,-0.47,-0.507,-0.512,-0.529,-0.512,-0.505,-0.503,-0.5,-0.483,-0.423,-0.491,-0.514,-0.476,-0.46,-0.483,-0.52,-0.476,-0.479,-0.424,-0.381,-0.395,-0.363,-0.225,-0.131,-0.127,-0.243,-0.385,-0.507,-0.539,-0.576,-0.577,-0.58,-0.638,-0.541,-0.432,-0.287,-0.052,0.14,0.261,0.475,0.632,0.725,0.825,0.873,0.951,0.896,0.878,0.972,1,0.957,0.916,0.846,0.804,0.696,0.601,0.596,0.51,0.339,0.331,0.347,0.212,0.105,0.176,0.192,0.084,0.141,0.245,0.297,0.336,0.414,0.492,0.597,0.616,0.597,0.691,0.78,0.788,0.787,0.862,0.924,0.921,0.915,0.955,0.972,0.937,0.905,0.787
-0.318,-0.329,-0.331,-0.356,-0.424,-0.434,-0.443,-0.415,-0.426,-0.452,-0.444,-0.464,-0.465,-0.427,-0.447,-0.454,-0.437,-0.468,-0.449,-0.445,-0.46,-0.428,-0.469,-0.462,-0.409,-0.372,-0.36,-0.289,-0.252,-0.207,-0.119,-0.073,0.013,0.05,0.035,0.094,0.076,0.158,0.208,0.178,0.164,0.071,0.022,-0.08,-0.178,-0.217,-0.172,-0.154,0.01,0.122,0.038,0.007,-0.021,-0.094,-0.16,-0.17,-0.175,-0.189,-0.212,-0.211,-0.234,-0.365,-0.486,-0.607,-0.632,-0.628,-0.596,-0.612,-0.639,-0.66,-0.669,-0.665,-0.647,-0.596,-0.66,-0.678,-0.634,-0.627,-0.657,-0.687,-0.651,-0.635,-0.577,-0.531,-0.523,-0.48,-0.332,-0.239,-0.232,-0.358,-0.514,-0.639,-0.665,-0.705,-0.706,-0.708,-0.758,-0.684,-0.589,-0.467,-0.255,-0.055,0.055,0.275,0.42,0.549,0.698,0.786,0.876,0.748,0.723,0.901,0.957,1,0.979,0.95,0.939,0.87,0.794,0.796,0.734,0.587,0.579,0.599,0.479,0.376,0.444,0.462,0.362,0.415,0.508,0.554,0.59,0.657,0.717,0.798,0.814,0.799,0.862,0.921,0.928,0.916,0.955,0.982,0.966,0.949,0.956,0.929,0.887,0.88,0.821
-0.255,-0.267,-0.268,-0.3,-0.376,-0.398,-0.419,-0.405,-0.419,-0.434,-0.427,-0.431,-0.43,-0.391,-0.399,-0.403,-0.387,-0.431,-0.423,-0.421,-0.454,-0.429,-0.482,-0.483,-0.442,-0.42,-0.417,-0.362,-0.337,-0.299,-0.222,-0.173,-0.08,-0.034,-0.026,0.053,0.04,0.11,0.16,0.13,0.105,0.015,-0.019,-0.122,-0.224,-0.267,-0.228,-0.209,-0.049,0.07,-0.008,-0.035,-0.058,-0.129,-0.196,-0.206,-0.209,-0.218,-0.232,-0.231,-0.257,-0.376,-0.488,-0.601,-0.632,-0.612,-0.574,-0.586,-0.623,-0.657,-0.673,-0.673,-0.658,-0.606,-0.666,-0.694,-0.649,-0.631,-0.658,-0.684,-0.659,-0.635,-0.573,-0.525,-0.514,-0.468,-0.318,-0.232,-0.23,-0.351,-0.508,-0.624,-0.647,-0.689,-0.683,-0.679,-0.727,-0.65,-0.55,-0.437,-0.228,-0.035,0.053,0.267,0.397,0.544,0.702,0.797,0.866,0.714,0.685,0.878,0.916,0.979,1,0.976,0.949,0.907,0.862,0.844,0.78,0.666,0.664,0.663,0.553,0.473,0.53,0.534,0.44,0.477,0.553,0.587,0.628,0.691,0.729,0.8,0.827,0.803,0.844,0.9,0.911,0.88,0.905,0.934,0.907,0.875,0.88,0.85,0.796,0.8,0.748
-0.151,-0.15,-0.148,-0.178,-0.257,-0.276,-0.304,-0.294,-0.315,-0.323,-0.327,-0.341,-0.34,-0.31,-0.333,-0.34,-0.337,-0.383,-0.385,-0.38,-0.417,-0.404,-0.451,-0.447,-0.394,-0.374,-0.383,-0.337,-0.315,-0.294,-0.226,-0.194,-0.109,-0.074,-0.072,0.006,-0.009,0.062,0.114,0.079,0.05,-0.048,-0.09,-0.191,-0.281,-0.307,-0.264,-0.247,-0.093,0.016,-0.07,-0.105,-0.136,-0.21,-0.286,-0.296,-0.294,-0.31,-0.331,-0.321,-0.339,-0.46,-0.563,-0.648,-0.666,-0.619,-0.562,-0.579,-0.644,-0.698,-0.72,-0.719,-0.707,-0.667,-0.73,-0.753,-0.711,-0.698,-0.726,-0.753,-0.728,-0.694,-0.635,-0.585,-0.559,-0.501,-0.35,-0.266,-0.259,-0.387,-0.553,-0.68,-0.707,-0.752,-0.754,-0.755,-0.794,-0.734,-0.645,-0.555,-0.364,-0.183,-0.111,0.107,0.239,0.403,0.586,0.683,0.776,0.594,0.544,0.772,0.846,0.95,0.976,1,0.984,0.94,0.921,0.922,0.857,0.749,0.765,0.768,0.656,0.583,0.65,0.652,0.554,0.583,0.648,0.683,0.733,0.786,0.812,0.879,0.9,0.863,0.893,0.941,0.936,0.891,0.911,0.921,0.867,0.836,0.838,0.777,0.705,0.701,0.666
-0.142,-0.134,-0.125,-0.142,-0.208,-0.221,-0.234,-0.216,-0.234,-0.242,-0.247,-0.27,-0.272,-0.247,-0.284,-0.295,-0.302,-0.346,-0.351,-0.341,-0.377,-0.368,-0.408,-0.404,-0.344,-0.326,-0.339,-0.296,-0.276,-0.266,-0.204,-0.185,-0.114,-0.079,-0.08,-0.014,-0.024,0.038,0.089,0.053,0.012,-0.086,-0.125,-0.229,-0.307,-0.34,-0.309,-0.3,-0.16,-0.061,-0.155,-0.189,-0.217,-0.281,-0.345,-0.355,-0.362,-0.383,-0.401,-0.391,-0.413,-0.545,-0.642,-0.722,-0.734,-0.68,-0.609,-0.623,-0.7,-0.756,-0.778,-0.776,-0.761,-0.725,-0.782,-0.796,-0.75,-0.75,-0.784,-0.807,-0.783,-0.746,-0.691,-0.644,-0.611,-0.556,-0.41,-0.326,-0.316,-0.443,-0.603,-0.724,-0.745,-0.786,-0.79,-0.792,-0.827,-0.784,-0.711,-0.63,-0.461,-0.276,-0.197,0.012,0.133,0.295,0.487,0.603,0.703,0.504,0.462,0.715,0.804,0.939,0.949,0.984,1,0.972,0.94,0.953,0.914,0.809,0.813,0.83,0.733,0.651,0.714,0.728,0.64,0.679,0.745,0.78,0.818,0.864,0.894,0.944,0.957,0.936,0.958,0.982,0.98,0.949,0.949,0.937,0.892,0.865,0.842,0.765,0.707,0.718,0.724
-0.089,-0.079,-0.063,-0.073,-0.124,-0.146,-0.152,-0.139,-0.156,-0.152,-0.155,-0.166,-0.166,-0.145,-0.178,-0.189,-0.204,-0.257,-0.276,-0.265,-0.315,-0.317,-0.363,-0.372,-0.325,-0.329,-0.352,-0.331,-0.326,-0.334,-0.291,-0.28,-0.215,-0.17,-0.141,-0.068,-0.066,-0.032,0.014,-0.022,-0.087,-0.172,-0.186,-0.288,-0.36,-0.413,-0.409,-0.407,-0.293,-0.201,-0.288,-0.313,-0.325,-0.371,-0.415,-0.424,-0.441,-0.458,-0.459,-0.451,-0.485,-0.607,-0.684,-0.756,-0.771,-0.702,-0.618,-0.62,-0.711,-0.776,-0.803,-0.802,-0.786,-0.753,-0.793,-0.809,-0.758,-0.76,-0.794,-0.805,-0.796,-0.75,-0.695,-0.654,-0.615,-0.569,-0.435,-0.361,-0.358,-0.469,-0.611,-0.704,-0.711,-0.748,-0.741,-0.735,-0.765,-0.734,-0.674,-0.609,-0.472,-0.293,-0.229,-0.048,0.033,0.202,0.396,0.535,0.604,0.377,0.353,0.628,0.696,0.87,0.907,0.94,0.972,1,0.98,0.974,0.967,0.909,0.897,0.906,0.845,0.78,0.818,0.829,0.768,0.798,0.848,0.866,0.889,0.924,0.936,0.951,0.968,0.964,0.952,0.946,0.96,0.929,0.889,0.859,0.829,0.788,0.735,0.65,0.605,0.652,0.708
0.012,0.027,0.043,0.027,-0.032,-0.061,-0.081,-0.083,-0.104,-0.09,-0.098,-0.101,-0.099,-0.082,-0.11,-0.119,-0.139,-0.198,-0.229,-0.219,-0.281,-0.294,-0.343,-0.355,-0.314,-0.329,-0.362,-0.357,-0.363,-0.381,-0.352,-0.346,-0.282,-0.239,-0.198,-0.114,-0.11,-0.085,-0.041,-0.077,-0.144,-0.227,-0.234,-0.329,-0.397,-0.438,-0.434,-0.43,-0.326,-0.238,-0.318,-0.344,-0.359,-0.405,-0.454,-0.463,-0.473,-0.488,-0.487,-0.475,-0.503,-0.608,-0.67,-0.718,-0.731,-0.641,-0.55,-0.554,-0.658,-0.739,-0.772,-0.773,-0.764,-0.738,-0.775,-0.797,-0.75,-0.744,-0.773,-0.782,-0.782,-0.727,-0.674,-0.633,-0.587,-0.534,-0.404,-0.34,-0.339,-0.445,-0.586,-0.674,-0.684,-0.722,-0.715,-0.707,-0.729,-0.703,-0.645,-0.601,-0.478,-0.321,-0.287,-0.116,-0.045,0.135,0.337,0.47,0.531,0.288,0.249,0.533,0.601,0.794,0.862,0.921,0.94,0.98,1,0.989,0.974,0.943,0.95,0.943,0.887,0.847,0.882,0.879,0.82,0.831,0.86,0.869,0.902,0.929,0.917,0.928,0.95,0.928,0.898,0.892,0.898,0.844,0.8,0.768,0.715,0.665,0.618,0.523,0.459,0.503,0.56
0.027,0.048,0.065,0.053,-0.005,-0.026,-0.045,-0.041,-0.064,-0.053,-0.067,-0.084,-0.084,-0.071,-0.113,-0.124,-0.15,-0.203,-0.231,-0.22,-0.275,-0.288,-0.328,-0.331,-0.277,-0.282,-0.317,-0.306,-0.305,-0.327,-0.295,-0.296,-0.241,-0.207,-0.184,-0.111,-0.112,-0.078,-0.032,-0.069,-0.132,-0.221,-0.242,-0.337,-0.396,-0.425,-0.414,-0.411,-0.305,-0.224,-0.312,-0.344,-0.366,-0.415,-0.47,-0.479,-0.487,-0.509,-0.516,-0.5,-0.523,-0.637,-0.703,-0.742,-0.746,-0.652,-0.556,-0.565,-0.676,-0.759,-0.791,-0.791,-0.781,-0.76,-0.803,-0.817,-0.773,-0.774,-0.806,-0.818,-0.811,-0.757,-0.707,-0.665,-0.614,-0.556,-0.425,-0.358,-0.35,-0.463,-0.61,-0.71,-0.724,-0.763,-0.764,-0.763,-0.782,-0.766,-0.715,-0.676,-0.558,-0.403,-0.363,-0.186,-0.103,0.075,0.284,0.414,0.5,0.257,0.209,0.5,0.596,0.796,0.844,0.922,0.953,0.974,0.989,1,0.984,0.935,0.948,0.955,0.89,0.84,0.887,0.891,0.825,0.843,0.875,0.893,0.929,0.954,0.949,0.965,0.979,0.954,0.933,0.926,0.921,0.871,0.834,0.793,0.731,0.691,0.646,0.537,0.471,0.503,0.562
0.043,0.067,0.09,0.09,0.05,0.03,0.027,0.035,0.015,0.03,0.017,0,-0.001,0.007,-0.041,-0.055,-0.088,-0.141,-0.175,-0.16,-0.217,-0.236,-0.272,-0.281,-0.23,-0.244,-0.282,-0.282,-0.287,-0.321,-0.301,-0.312,-0.27,-0.233,-0.201,-0.137,-0.129,-0.112,-0.071,-0.107,-0.185,-0.265,-0.273,-0.365,-0.413,-0.455,-0.463,-0.468,-0.386,-0.317,-0.404,-0.43,-0.441,-0.474,-0.51,-0.518,-0.537,-0.559,-0.557,-0.543,-0.574,-0.687,-0.74,-0.775,-0.777,-0.679,-0.573,-0.574,-0.692,-0.775,-0.807,-0.807,-0.794,-0.777,-0.807,-0.816,-0.769,-0.779,-0.814,-0.819,-0.818,-0.761,-0.715,-0.68,-0.625,-0.577,-0.459,-0.398,-0.392,-0.493,-0.622,-0.702,-0.705,-0.738,-0.736,-0.732,-0.746,-0.746,-0.712,-0.685,-0.597,-0.446,-0.408,-0.253,-0.198,-0.026,0.18,0.327,0.401,0.147,0.115,0.418,0.51,0.734,0.78,0.857,0.914,0.967,0.974,0.984,1,0.972,0.968,0.981,0.944,0.895,0.927,0.939,0.893,0.914,0.942,0.953,0.972,0.988,0.98,0.97,0.979,0.975,0.937,0.903,0.908,0.871,0.806,0.746,0.701,0.661,0.587,0.472,0.424,0.48,0.583
0.127,0.153,0.182,0.185,0.156,0.128,0.124,0.121,0.102,0.13,0.118,0.115,0.116,0.118,0.079,0.068,0.027,-0.032,-0.08,-0.066,-0.135,-0.166,-0.206,-0.226,-0.194,-0.23,-0.277,-0.302,-0.323,-0.373,-0.376,-0.395,-0.36,-0.318,-0.258,-0.188,-0.17,-0.182,-0.149,-0.183,-0.276,-0.339,-0.322,-0.404,-0.441,-0.492,-0.522,-0.532,-0.483,-0.426,-0.497,-0.513,-0.512,-0.527,-0.545,-0.553,-0.576,-0.591,-0.575,-0.562,-0.597,-0.686,-0.712,-0.727,-0.731,-0.619,-0.508,-0.5,-0.627,-0.717,-0.754,-0.756,-0.747,-0.737,-0.749,-0.761,-0.716,-0.723,-0.753,-0.746,-0.763,-0.699,-0.657,-0.629,-0.57,-0.53,-0.433,-0.39,-0.39,-0.469,-0.573,-0.621,-0.614,-0.641,-0.63,-0.617,-0.623,-0.635,-0.615,-0.612,-0.563,-0.439,-0.429,-0.314,-0.301,-0.131,0.065,0.217,0.256,-0.009,-0.031,0.272,0.339,0.587,0.666,0.749,0.809,0.909,0.943,0.935,0.972,1,0.991,0.988,0.987,0.967,0.974,0.975,0.957,0.96,0.963,0.955,0.965,0.966,0.932,0.893,0.907,0.909,0.837,0.781,0.795,0.751,0.655,0.584,0.545,0.492,0.401,0.283,0.241,0.321,0.459
0.164,0.194,0.221,0.219,0.18,0.152,0.138,0.129,0.107,0.136,0.119,0.116,0.117,0.118,0.079,0.069,0.027,-0.032,-0.081,-0.067,-0.138,-0.171,-0.211,-0.227,-0.191,-0.225,-0.275,-0.301,-0.322,-0.372,-0.376,-0.395,-0.359,-0.323,-0.269,-0.195,-0.182,-0.187,-0.152,-0.186,-0.272,-0.338,-0.329,-0.408,-0.444,-0.481,-0.501,-0.508,-0.454,-0.396,-0.469,-0.49,-0.498,-0.52,-0.55,-0.558,-0.574,-0.592,-0.58,-0.564,-0.592,-0.677,-0.703,-0.705,-0.705,-0.585,-0.474,-0.473,-0.604,-0.701,-0.741,-0.743,-0.737,-0.73,-0.749,-0.762,-0.72,-0.724,-0.751,-0.749,-0.763,-0.697,-0.655,-0.623,-0.563,-0.513,-0.413,-0.371,-0.368,-0.452,-0.564,-0.623,-0.621,-0.652,-0.645,-0.636,-0.64,-0.651,-0.628,-0.631,-0.578,-0.463,-0.462,-0.341,-0.316,-0.14,0.061,0.203,0.253,-0.013,-0.051,0.252,0.331,0.579,0.664,0.765,0.813,0.897,0.95,0.948,0.968,0.991,1,0.993,0.979,0.966,0.983,0.978,0.95,0.945,0.943,0.937,0.959,0.96,0.921,0.891,0.907,0.892,0.823,0.777,0.78,0.723,0.64,0.573,0.513,0.461,0.385,0.261,0.203,0.267,0.387
0.147,0.179,0.207,0.21,0.177,0.155,0.149,0.147,0.125,0.15,0.132,0.118,0.118,0.118,0.069,0.056,0.012,-0.043,-0.089,-0.072,-0.136,-0.167,-0.2,-0.211,-0.165,-0.192,-0.242,-0.261,-0.277,-0.328,-0.329,-0.353,-0.324,-0.292,-0.251,-0.188,-0.176,-0.176,-0.14,-0.176,-0.26,-0.33,-0.329,-0.409,-0.44,-0.475,-0.494,-0.503,-0.447,-0.394,-0.474,-0.497,-0.507,-0.528,-0.558,-0.566,-0.585,-0.606,-0.599,-0.582,-0.609,-0.704,-0.734,-0.739,-0.734,-0.616,-0.501,-0.501,-0.634,-0.73,-0.767,-0.769,-0.761,-0.755,-0.775,-0.783,-0.74,-0.752,-0.782,-0.781,-0.79,-0.726,-0.686,-0.654,-0.591,-0.541,-0.439,-0.393,-0.387,-0.476,-0.591,-0.656,-0.655,-0.686,-0.683,-0.677,-0.681,-0.697,-0.679,-0.681,-0.631,-0.51,-0.499,-0.373,-0.341,-0.169,0.036,0.181,0.246,-0.02,-0.057,0.252,0.347,0.599,0.663,0.768,0.83,0.906,0.943,0.955,0.981,0.988,0.993,1,0.983,0.957,0.98,0.985,0.953,0.958,0.964,0.964,0.983,0.985,0.955,0.927,0.935,0.926,0.865,0.815,0.815,0.768,0.686,0.612,0.556,0.511,0.43,0.3,0.248,0.309,0.436
0.186,0.219,0.252,0.263,0.246,0.222,0.224,0.221,0.203,0.234,0.218,0.209,0.21,0.203,0.156,0.142,0.091,0.037,-0.017,0.002,-0.065,-0.104,-0.133,-0.153,-0.119,-0.161,-0.214,-0.249,-0.275,-0.338,-0.354,-0.385,-0.367,-0.331,-0.274,-0.214,-0.194,-0.217,-0.188,-0.221,-0.319,-0.374,-0.355,-0.427,-0.445,-0.491,-0.528,-0.544,-0.519,-0.479,-0.548,-0.561,-0.559,-0.564,-0.573,-0.581,-0.605,-0.622,-0.604,-0.59,-0.621,-0.702,-0.713,-0.708,-0.705,-0.583,-0.463,-0.453,-0.59,-0.687,-0.725,-0.727,-0.719,-0.719,-0.724,-0.73,-0.688,-0.703,-0.732,-0.722,-0.744,-0.677,-0.642,-0.621,-0.554,-0.519,-0.438,-0.404,-0.406,-0.476,-0.565,-0.599,-0.588,-0.61,-0.6,-0.587,-0.584,-0.611,-0.61,-0.628,-0.613,-0.511,-0.513,-0.422,-0.427,-0.265,-0.074,0.078,0.117,-0.15,-0.171,0.133,0.212,0.479,0.553,0.656,0.733,0.845,0.887,0.89,0.944,0.987,0.979,0.983,1,0.988,0.988,0.993,0.988,0.988,0.98,0.967,0.971,0.96,0.919,0.863,0.871,0.878,0.794,0.721,0.731,0.69,0.582,0.494,0.453,0.404,0.302,0.171,0.135,0.219,0.383
0.248,0.282,0.315,0.323,0.309,0.28,0.276,0.263,0.244,0.283,0.265,0.268,0.271,0.262,0.224,0.214,0.161,0.104,0.044,0.061,-0.013,-0.058,-0.09,-0.114,-0.094,-0.148,-0.206,-0.256,-0.29,-0.359,-0.388,-0.422,-0.406,-0.37,-0.3,-0.235,-0.212,-0.248,-0.224,-0.256,-0.356,-0.401,-0.371,-0.434,-0.447,-0.49,-0.536,-0.551,-0.544,-0.512,-0.569,-0.579,-0.575,-0.573,-0.579,-0.587,-0.61,-0.623,-0.6,-0.586,-0.615,-0.675,-0.669,-0.646,-0.641,-0.512,-0.394,-0.385,-0.525,-0.626,-0.668,-0.672,-0.668,-0.673,-0.669,-0.679,-0.64,-0.651,-0.674,-0.659,-0.691,-0.621,-0.588,-0.569,-0.501,-0.466,-0.397,-0.376,-0.381,-0.439,-0.517,-0.537,-0.522,-0.542,-0.527,-0.511,-0.502,-0.532,-0.536,-0.57,-0.574,-0.495,-0.52,-0.451,-0.474,-0.315,-0.133,0.012,0.033,-0.233,-0.256,0.039,0.105,0.376,0.473,0.583,0.651,0.78,0.847,0.84,0.895,0.967,0.966,0.957,0.988,1,0.991,0.985,0.99,0.974,0.948,0.925,0.93,0.912,0.853,0.788,0.8,0.8,0.701,0.624,0.633,0.582,0.466,0.378,0.33,0.276,0.175,0.046,0.005,0.091,0.259
0.235,0.272,0.303,0.309,0.287,0.262,0.254,0.242,0.221,0.255,0.236,0.232,0.235,0.228,0.185,0.175,0.124,0.067,0.011,0.028,-0.043,-0.085,-0.116,-0.133,-0.101,-0.145,-0.203,-0.243,-0.271,-0.336,-0.358,-0.393,-0.374,-0.344,-0.286,-0.222,-0.206,-0.228,-0.201,-0.235,-0.326,-0.382,-0.366,-0.433,-0.451,-0.484,-0.519,-0.53,-0.507,-0.471,-0.536,-0.555,-0.56,-0.568,-0.588,-0.595,-0.614,-0.633,-0.618,-0.6,-0.626,-0.696,-0.701,-0.679,-0.669,-0.538,-0.42,-0.419,-0.56,-0.663,-0.705,-0.71,-0.707,-0.71,-0.716,-0.724,-0.687,-0.697,-0.722,-0.712,-0.733,-0.663,-0.628,-0.601,-0.531,-0.484,-0.402,-0.375,-0.374,-0.444,-0.541,-0.582,-0.574,-0.6,-0.592,-0.582,-0.578,-0.605,-0.603,-0.63,-0.616,-0.527,-0.543,-0.453,-0.452,-0.287,-0.093,0.048,0.092,-0.176,-0.212,0.091,0.176,0.444,0.53,0.65,0.714,0.818,0.882,0.887,0.927,0.974,0.983,0.98,0.988,0.991,1,0.995,0.983,0.971,0.951,0.938,0.954,0.941,0.89,0.841,0.851,0.841,0.755,0.69,0.691,0.635,0.536,0.452,0.391,0.341,0.253,0.118,0.066,0.137,0.285
0.214,0.251,0.283,0.293,0.275,0.254,0.252,0.247,0.227,0.259,0.24,0.229,0.23,0.223,0.173,0.16,0.108,0.055,0.001,0.02,-0.046,-0.085,-0.113,-0.129,-0.092,-0.132,-0.187,-0.222,-0.247,-0.311,-0.328,-0.365,-0.348,-0.318,-0.267,-0.21,-0.193,-0.213,-0.185,-0.22,-0.313,-0.373,-0.361,-0.431,-0.448,-0.484,-0.519,-0.532,-0.509,-0.474,-0.545,-0.564,-0.568,-0.576,-0.593,-0.6,-0.621,-0.643,-0.629,-0.611,-0.639,-0.718,-0.727,-0.71,-0.699,-0.571,-0.451,-0.447,-0.589,-0.688,-0.728,-0.732,-0.726,-0.728,-0.734,-0.738,-0.698,-0.713,-0.742,-0.733,-0.751,-0.684,-0.649,-0.623,-0.553,-0.51,-0.428,-0.397,-0.393,-0.465,-0.561,-0.605,-0.595,-0.62,-0.615,-0.607,-0.603,-0.634,-0.636,-0.661,-0.648,-0.551,-0.556,-0.463,-0.461,-0.299,-0.104,0.042,0.093,-0.175,-0.207,0.099,0.192,0.462,0.534,0.652,0.728,0.829,0.879,0.891,0.939,0.975,0.978,0.985,0.993,0.985,0.995,1,0.988,0.985,0.973,0.964,0.974,0.961,0.918,0.867,0.873,0.87,0.79,0.72,0.721,0.675,0.574,0.484,0.43,0.385,0.29,0.152,0.108,0.181,0.338
0.244,0.279,0.312,0.326,0.321,0.3,0.306,0.3,0.282,0.319,0.301,0.295,0.295,0.283,0.236,0.223,0.166,0.113,0.055,0.076,0.009,-0.035,-0.059,-0.081,-0.055,-0.106,-0.164,-0.211,-0.244,-0.316,-0.344,-0.385,-0.374,-0.341,-0.279,-0.226,-0.203,-0.239,-0.217,-0.25,-0.352,-0.398,-0.372,-0.434,-0.439,-0.485,-0.532,-0.556,-0.554,-0.53,-0.593,-0.605,-0.602,-0.599,-0.601,-0.609,-0.634,-0.651,-0.63,-0.615,-0.643,-0.708,-0.702,-0.676,-0.665,-0.533,-0.411,-0.402,-0.545,-0.644,-0.682,-0.684,-0.678,-0.684,-0.678,-0.681,-0.641,-0.659,-0.686,-0.671,-0.7,-0.631,-0.6,-0.584,-0.512,-0.482,-0.419,-0.398,-0.402,-0.458,-0.531,-0.549,-0.531,-0.549,-0.539,-0.527,-0.517,-0.558,-0.571,-0.607,-0.623,-0.542,-0.556,-0.493,-0.518,-0.365,-0.182,-0.034,-0.005,-0.27,-0.29,0.007,0.084,0.362,0.44,0.554,0.64,0.768,0.82,0.825,0.893,0.957,0.95,0.953,0.988,0.99,0.983,0.988,1,0.992,0.97,0.95,0.946,0.924,0.873,0.801,0.807,0.817,0.72,0.633,0.642,0.602,0.482,0.384,0.343,0.295,0.185,0.05,0.018,0.107,0.291
0.202,0.234,0.266,0.283,0.278,0.262,0.273,0.276,0.26,0.29,0.273,0.26,0.259,0.249,0.197,0.183,0.126,0.075,0.022,0.045,-0.019,-0.059,-0.08,-0.101,-0.064,-0.107,-0.162,-0.202,-0.228,-0.298,-0.32,-0.359,-0.35,-0.316,-0.264,-0.217,-0.192,-0.221,-0.194,-0.226,-0.329,-0.377,-0.356,-0.424,-0.431,-0.48,-0.523,-0.546,-0.537,-0.512,-0.582,-0.596,-0.592,-0.59,-0.592,-0.598,-0.626,-0.646,-0.627,-0.612,-0.644,-0.723,-0.728,-0.711,-0.7,-0.574,-0.452,-0.44,-0.58,-0.676,-0.713,-0.714,-0.704,-0.708,-0.706,-0.705,-0.662,-0.685,-0.717,-0.703,-0.725,-0.658,-0.626,-0.606,-0.536,-0.509,-0.44,-0.411,-0.41,-0.473,-0.551,-0.579,-0.564,-0.582,-0.576,-0.567,-0.561,-0.602,-0.615,-0.643,-0.651,-0.556,-0.554,-0.478,-0.495,-0.345,-0.16,-0.006,0.033,-0.23,-0.245,0.056,0.141,0.415,0.477,0.583,0.679,0.798,0.831,0.843,0.914,0.96,0.945,0.958,0.988,0.974,0.971,0.985,0.992,1,0.991,0.978,0.968,0.948,0.91,0.842,0.843,0.861,0.774,0.687,0.697,0.667,0.549,0.449,0.416,0.373,0.259,0.124,0.099,0.188,0.374
0.135,0.162,0.192,0.208,0.201,0.19,0.207,0.22,0.205,0.226,0.211,0.192,0.191,0.183,0.127,0.112,0.058,0.008,-0.037,-0.014,-0.072,-0.104,-0.124,-0.141,-0.095,-0.129,-0.178,-0.205,-0.224,-0.287,-0.296,-0.329,-0.316,-0.281,-0.241,-0.198,-0.175,-0.19,-0.157,-0.189,-0.288,-0.342,-0.327,-0.402,-0.415,-0.469,-0.505,-0.531,-0.505,-0.474,-0.552,-0.566,-0.563,-0.567,-0.572,-0.578,-0.608,-0.629,-0.614,-0.601,-0.635,-0.73,-0.749,-0.749,-0.741,-0.625,-0.506,-0.494,-0.628,-0.719,-0.752,-0.749,-0.735,-0.733,-0.739,-0.735,-0.69,-0.716,-0.751,-0.742,-0.756,-0.693,-0.657,-0.635,-0.568,-0.542,-0.464,-0.424,-0.421,-0.495,-0.581,-0.62,-0.608,-0.628,-0.624,-0.619,-0.618,-0.653,-0.658,-0.669,-0.658,-0.542,-0.519,-0.425,-0.425,-0.273,-0.084,0.074,0.125,-0.136,-0.148,0.156,0.245,0.508,0.553,0.648,0.745,0.848,0.86,0.875,0.942,0.963,0.943,0.964,0.98,0.948,0.951,0.973,0.97,0.991,1,0.994,0.982,0.971,0.948,0.891,0.89,0.911,0.84,0.76,0.772,0.75,0.641,0.547,0.52,0.481,0.369,0.238,0.217,0.303,0.478
0.114,0.141,0.17,0.186,0.174,0.164,0.179,0.195,0.18,0.199,0.184,0.159,0.156,0.151,0.091,0.074,0.024,-0.024,-0.066,-0.043,-0.099,-0.129,-0.149,-0.162,-0.108,-0.132,-0.178,-0.197,-0.21,-0.266,-0.268,-0.298,-0.282,-0.248,-0.216,-0.175,-0.154,-0.16,-0.123,-0.155,-0.252,-0.315,-0.312,-0.394,-0.413,-0.461,-0.489,-0.507,-0.474,-0.439,-0.522,-0.541,-0.539,-0.548,-0.56,-0.563,-0.591,-0.618,-0.607,-0.59,-0.623,-0.731,-0.761,-0.767,-0.76,-0.647,-0.529,-0.52,-0.652,-0.74,-0.773,-0.773,-0.759,-0.754,-0.765,-0.761,-0.715,-0.742,-0.779,-0.774,-0.78,-0.719,-0.681,-0.654,-0.588,-0.557,-0.473,-0.427,-0.417,-0.497,-0.593,-0.647,-0.639,-0.663,-0.664,-0.664,-0.666,-0.701,-0.702,-0.707,-0.683,-0.556,-0.523,-0.412,-0.399,-0.249,-0.056,0.101,0.165,-0.093,-0.109,0.196,0.297,0.554,0.587,0.683,0.78,0.866,0.869,0.893,0.953,0.955,0.937,0.964,0.967,0.925,0.938,0.964,0.95,0.978,0.994,1,0.992,0.983,0.969,0.922,0.919,0.936,0.877,0.803,0.811,0.791,0.692,0.6,0.57,0.535,0.43,0.297,0.274,0.35,0.515
0.129,0.16,0.188,0.199,0.175,0.161,0.166,0.175,0.157,0.177,0.159,0.134,0.13,0.127,0.067,0.049,0.002,-0.047,-0.089,-0.068,-0.125,-0.155,-0.18,-0.189,-0.133,-0.153,-0.198,-0.212,-0.221,-0.273,-0.27,-0.297,-0.274,-0.243,-0.212,-0.164,-0.149,-0.147,-0.11,-0.146,-0.235,-0.309,-0.315,-0.401,-0.428,-0.467,-0.485,-0.497,-0.448,-0.404,-0.489,-0.513,-0.519,-0.537,-0.561,-0.564,-0.586,-0.615,-0.609,-0.589,-0.618,-0.727,-0.763,-0.771,-0.763,-0.65,-0.532,-0.528,-0.662,-0.75,-0.785,-0.787,-0.776,-0.77,-0.788,-0.786,-0.742,-0.763,-0.798,-0.798,-0.801,-0.74,-0.701,-0.669,-0.603,-0.561,-0.467,-0.419,-0.407,-0.492,-0.601,-0.668,-0.665,-0.693,-0.697,-0.699,-0.702,-0.732,-0.725,-0.727,-0.687,-0.558,-0.529,-0.405,-0.377,-0.218,-0.018,0.133,0.207,-0.053,-0.082,0.228,0.336,0.59,0.628,0.733,0.818,0.889,0.902,0.929,0.972,0.965,0.959,0.983,0.971,0.93,0.954,0.974,0.946,0.968,0.982,0.992,1,0.995,0.979,0.945,0.943,0.948,0.893,0.832,0.832,0.802,0.716,0.63,0.585,0.55,0.457,0.322,0.285,0.35,0.495
0.086,0.116,0.143,0.152,0.123,0.108,0.113,0.124,0.106,0.122,0.106,0.08,0.077,0.078,0.02,0.003,-0.04,-0.088,-0.126,-0.107,-0.161,-0.187,-0.214,-0.221,-0.162,-0.177,-0.22,-0.225,-0.232,-0.277,-0.266,-0.29,-0.262,-0.231,-0.205,-0.153,-0.143,-0.133,-0.094,-0.13,-0.213,-0.29,-0.299,-0.387,-0.419,-0.457,-0.471,-0.481,-0.418,-0.365,-0.453,-0.478,-0.488,-0.512,-0.541,-0.547,-0.569,-0.596,-0.593,-0.577,-0.607,-0.72,-0.764,-0.784,-0.778,-0.673,-0.559,-0.558,-0.685,-0.77,-0.802,-0.802,-0.789,-0.779,-0.804,-0.804,-0.759,-0.779,-0.815,-0.817,-0.817,-0.759,-0.719,-0.687,-0.624,-0.579,-0.474,-0.419,-0.408,-0.501,-0.619,-0.694,-0.694,-0.724,-0.726,-0.727,-0.734,-0.753,-0.737,-0.727,-0.668,-0.529,-0.493,-0.355,-0.312,-0.149,0.055,0.205,0.285,0.028,-0.002,0.306,0.414,0.657,0.691,0.786,0.864,0.924,0.929,0.954,0.988,0.966,0.96,0.985,0.96,0.912,0.941,0.961,0.924,0.948,0.971,0.983,0.995,1,0.991,0.968,0.968,0.97,0.926,0.875,0.876,0.846,0.77,0.692,0.648,0.613,0.527,0.398,0.359,0.418,0.548
0.024,0.05,0.075,0.085,0.056,0.047,0.057,0.078,0.061,0.07,0.057,0.024,0.02,0.024,-0.038,-0.057,-0.094,-0.138,-0.167,-0.15,-0.195,-0.214,-0.238,-0.242,-0.176,-0.179,-0.214,-0.206,-0.205,-0.243,-0.22,-0.24,-0.21,-0.18,-0.166,-0.122,-0.114,-0.093,-0.051,-0.088,-0.164,-0.246,-0.265,-0.357,-0.393,-0.43,-0.437,-0.446,-0.371,-0.314,-0.408,-0.434,-0.446,-0.475,-0.507,-0.512,-0.536,-0.565,-0.569,-0.554,-0.585,-0.711,-0.766,-0.801,-0.795,-0.704,-0.597,-0.598,-0.716,-0.79,-0.818,-0.815,-0.799,-0.785,-0.815,-0.811,-0.765,-0.789,-0.828,-0.835,-0.827,-0.776,-0.737,-0.703,-0.645,-0.601,-0.49,-0.427,-0.411,-0.511,-0.634,-0.719,-0.721,-0.751,-0.757,-0.761,-0.773,-0.788,-0.767,-0.743,-0.668,-0.515,-0.46,-0.309,-0.251,-0.094,0.109,0.257,0.349,0.104,0.077,0.378,0.492,0.717,0.729,0.812,0.894,0.936,0.917,0.949,0.98,0.932,0.921,0.955,0.919,0.853,0.89,0.918,0.873,0.91,0.948,0.969,0.979,0.991,1,0.987,0.983,0.991,0.963,0.919,0.92,0.902,0.836,0.763,0.728,0.7,0.617,0.494,0.461,0.514,0.633
-0.014,0.01,0.03,0.033,-0.01,-0.019,-0.016,0.005,-0.013,-0.011,-0.024,-0.06,-0.065,-0.054,-0.115,-0.133,-0.162,-0.204,-0.225,-0.21,-0.252,-0.264,-0.291,-0.287,-0.213,-0.204,-0.233,-0.212,-0.202,-0.227,-0.192,-0.205,-0.167,-0.142,-0.143,-0.096,-0.097,-0.056,-0.009,-0.047,-0.108,-0.2,-0.233,-0.329,-0.373,-0.4,-0.388,-0.387,-0.287,-0.22,-0.319,-0.352,-0.374,-0.416,-0.464,-0.472,-0.49,-0.52,-0.533,-0.519,-0.544,-0.677,-0.747,-0.79,-0.783,-0.701,-0.604,-0.615,-0.723,-0.793,-0.82,-0.816,-0.8,-0.781,-0.824,-0.823,-0.779,-0.798,-0.837,-0.852,-0.833,-0.789,-0.746,-0.706,-0.654,-0.6,-0.475,-0.402,-0.381,-0.495,-0.635,-0.743,-0.754,-0.79,-0.8,-0.809,-0.827,-0.828,-0.792,-0.753,-0.648,-0.485,-0.42,-0.244,-0.156,0.004,0.21,0.346,0.455,0.223,0.184,0.476,0.597,0.798,0.8,0.879,0.944,0.951,0.928,0.965,0.97,0.893,0.891,0.927,0.863,0.788,0.841,0.867,0.801,0.842,0.891,0.922,0.945,0.968,0.987,1,0.997,0.991,0.985,0.964,0.957,0.934,0.896,0.839,0.793,0.77,0.709,0.593,0.548,0.58,0.66
-0.023,-0.001,0.019,0.018,-0.029,-0.04,-0.041,-0.022,-0.041,-0.038,-0.051,-0.081,-0.085,-0.073,-0.128,-0.145,-0.172,-0.217,-0.238,-0.223,-0.266,-0.276,-0.307,-0.305,-0.238,-0.232,-0.262,-0.241,-0.232,-0.254,-0.217,-0.224,-0.179,-0.149,-0.143,-0.089,-0.09,-0.051,-0.004,-0.042,-0.104,-0.196,-0.225,-0.323,-0.375,-0.406,-0.396,-0.396,-0.293,-0.219,-0.316,-0.348,-0.369,-0.414,-0.462,-0.47,-0.487,-0.514,-0.525,-0.511,-0.537,-0.667,-0.739,-0.786,-0.784,-0.702,-0.605,-0.614,-0.721,-0.793,-0.82,-0.818,-0.802,-0.781,-0.824,-0.827,-0.781,-0.796,-0.834,-0.848,-0.832,-0.785,-0.739,-0.699,-0.649,-0.595,-0.467,-0.395,-0.38,-0.494,-0.637,-0.741,-0.753,-0.789,-0.796,-0.8,-0.82,-0.814,-0.772,-0.73,-0.617,-0.452,-0.39,-0.211,-0.124,0.041,0.247,0.383,0.485,0.251,0.212,0.503,0.616,0.814,0.827,0.9,0.957,0.968,0.95,0.979,0.979,0.907,0.907,0.935,0.871,0.8,0.851,0.873,0.807,0.843,0.89,0.919,0.943,0.968,0.983,0.997,1,0.991,0.983,0.966,0.962,0.934,0.895,0.844,0.797,0.77,0.712,0.6,0.552,0.585,0.659
-0.052,-0.032,-0.01,-0.003,-0.036,-0.046,-0.034,-0.009,-0.024,-0.022,-0.031,-0.061,-0.065,-0.054,-0.111,-0.128,-0.157,-0.2,-0.221,-0.205,-0.247,-0.256,-0.285,-0.287,-0.223,-0.22,-0.248,-0.228,-0.221,-0.246,-0.211,-0.22,-0.181,-0.147,-0.136,-0.089,-0.084,-0.054,-0.01,-0.046,-0.116,-0.201,-0.222,-0.32,-0.368,-0.413,-0.415,-0.42,-0.328,-0.259,-0.355,-0.382,-0.395,-0.43,-0.464,-0.471,-0.495,-0.522,-0.527,-0.515,-0.548,-0.681,-0.75,-0.804,-0.805,-0.728,-0.63,-0.632,-0.736,-0.802,-0.827,-0.824,-0.806,-0.783,-0.819,-0.819,-0.77,-0.791,-0.831,-0.84,-0.826,-0.779,-0.734,-0.698,-0.648,-0.604,-0.483,-0.412,-0.399,-0.507,-0.639,-0.73,-0.735,-0.768,-0.771,-0.773,-0.794,-0.793,-0.76,-0.715,-0.615,-0.445,-0.375,-0.208,-0.136,0.02,0.219,0.366,0.457,0.225,0.203,0.494,0.597,0.799,0.803,0.863,0.936,0.964,0.928,0.954,0.975,0.909,0.892,0.926,0.878,0.8,0.841,0.87,0.817,0.861,0.911,0.936,0.948,0.97,0.991,0.991,0.991,1,0.987,0.956,0.962,0.949,0.895,0.836,0.81,0.783,0.708,0.599,0.569,0.619,0.716
-0.117,-0.101,-0.083,-0.08,-0.12,-0.123,-0.111,-0.08,-0.095,-0.102,-0.11,-0.149,-0.154,-0.139,-0.197,-0.215,-0.236,-0.273,-0.282,-0.267,-0.296,-0.295,-0.319,-0.315,-0.243,-0.226,-0.244,-0.206,-0.187,-0.196,-0.146,-0.147,-0.102,-0.072,-0.08,-0.039,-0.042,0.006,0.053,0.016,-0.038,-0.131,-0.168,-0.269,-0.324,-0.362,-0.349,-0.351,-0.24,-0.165,-0.265,-0.296,-0.317,-0.362,-0.407,-0.414,-0.435,-0.463,-0.478,-0.468,-0.496,-0.637,-0.721,-0.789,-0.79,-0.731,-0.644,-0.651,-0.741,-0.796,-0.816,-0.812,-0.792,-0.765,-0.81,-0.808,-0.761,-0.782,-0.823,-0.84,-0.816,-0.778,-0.733,-0.694,-0.65,-0.605,-0.475,-0.395,-0.38,-0.497,-0.639,-0.746,-0.758,-0.792,-0.8,-0.806,-0.832,-0.819,-0.776,-0.715,-0.59,-0.41,-0.324,-0.138,-0.042,0.107,0.301,0.435,0.544,0.334,0.307,0.579,0.691,0.862,0.844,0.893,0.958,0.952,0.898,0.933,0.937,0.837,0.823,0.865,0.794,0.701,0.755,0.79,0.72,0.774,0.84,0.877,0.893,0.926,0.963,0.985,0.983,0.987,1,0.987,0.988,0.98,0.952,0.906,0.879,0.862,0.804,0.705,0.673,0.703,0.769
-0.155,-0.143,-0.132,-0.139,-0.193,-0.196,-0.195,-0.165,-0.182,-0.195,-0.203,-0.241,-0.246,-0.225,-0.278,-0.294,-0.306,-0.341,-0.342,-0.33,-0.354,-0.344,-0.371,-0.363,-0.29,-0.263,-0.275,-0.225,-0.198,-0.192,-0.128,-0.117,-0.059,-0.031,-0.048,-0.002,-0.013,0.052,0.103,0.066,0.026,-0.074,-0.122,-0.226,-0.292,-0.322,-0.293,-0.289,-0.156,-0.069,-0.168,-0.203,-0.232,-0.292,-0.351,-0.36,-0.372,-0.398,-0.421,-0.411,-0.433,-0.575,-0.673,-0.751,-0.756,-0.706,-0.631,-0.645,-0.722,-0.773,-0.79,-0.787,-0.768,-0.736,-0.791,-0.795,-0.749,-0.763,-0.801,-0.825,-0.796,-0.763,-0.714,-0.671,-0.634,-0.584,-0.444,-0.358,-0.342,-0.469,-0.623,-0.745,-0.765,-0.803,-0.813,-0.821,-0.852,-0.823,-0.763,-0.687,-0.532,-0.347,-0.255,-0.05,0.07,0.22,0.41,0.529,0.646,0.453,0.416,0.67,0.78,0.921,0.9,0.941,0.982,0.946,0.892,0.926,0.903,0.781,0.777,0.815,0.721,0.624,0.69,0.72,0.633,0.687,0.76,0.803,0.832,0.875,0.919,0.964,0.966,0.956,0.987,1,0.994,0.98,0.978,0.951,0.915,0.9,0.867,0.78,0.736,0.746,0.77
-0.183,-0.174,-0.161,-0.166,-0.214,-0.22,-0.213,-0.182,-0.195,-0.208,-0.21,-0.243,-0.246,-0.224,-0.271,-0.286,-0.296,-0.334,-0.336,-0.323,-0.351,-0.341,-0.372,-0.368,-0.301,-0.28,-0.29,-0.243,-0.219,-0.214,-0.152,-0.139,-0.081,-0.047,-0.055,-0.006,-0.013,0.045,0.094,0.058,0.012,-0.081,-0.12,-0.224,-0.293,-0.336,-0.315,-0.313,-0.183,-0.095,-0.192,-0.223,-0.245,-0.299,-0.349,-0.358,-0.375,-0.399,-0.415,-0.408,-0.437,-0.578,-0.675,-0.761,-0.77,-0.725,-0.651,-0.66,-0.734,-0.781,-0.798,-0.794,-0.774,-0.738,-0.789,-0.794,-0.745,-0.758,-0.798,-0.818,-0.791,-0.758,-0.706,-0.665,-0.631,-0.586,-0.448,-0.362,-0.35,-0.472,-0.621,-0.734,-0.748,-0.786,-0.79,-0.793,-0.828,-0.796,-0.737,-0.656,-0.502,-0.311,-0.215,-0.015,0.095,0.243,0.429,0.556,0.658,0.465,0.44,0.694,0.788,0.928,0.911,0.936,0.98,0.96,0.898,0.921,0.908,0.795,0.78,0.815,0.731,0.633,0.691,0.721,0.642,0.697,0.772,0.811,0.832,0.876,0.92,0.957,0.962,0.962,0.988,0.994,1,0.991,0.978,0.952,0.931,0.912,0.868,0.789,0.755,0.779,0.813
-0.229,-0.222,-0.208,-0.206,-0.242,-0.244,-0.223,-0.184,-0.193,-0.211,-0.21,-0.246,-0.251,-0.228,-0.278,-0.294,-0.303,-0.335,-0.332,-0.319,-0.338,-0.325,-0.351,-0.346,-0.278,-0.253,-0.258,-0.206,-0.18,-0.173,-0.109,-0.098,-0.047,-0.013,-0.027,0.01,0.005,0.061,0.107,0.074,0.028,-0.06,-0.098,-0.2,-0.265,-0.314,-0.299,-0.3,-0.177,-0.094,-0.191,-0.219,-0.237,-0.284,-0.324,-0.332,-0.356,-0.38,-0.395,-0.391,-0.423,-0.568,-0.666,-0.76,-0.768,-0.736,-0.665,-0.671,-0.737,-0.774,-0.787,-0.782,-0.758,-0.722,-0.769,-0.768,-0.719,-0.739,-0.78,-0.798,-0.769,-0.741,-0.693,-0.655,-0.623,-0.586,-0.453,-0.367,-0.354,-0.472,-0.612,-0.719,-0.73,-0.764,-0.767,-0.771,-0.808,-0.779,-0.726,-0.641,-0.494,-0.299,-0.19,0.001,0.107,0.24,0.414,0.543,0.644,0.465,0.453,0.695,0.787,0.916,0.88,0.891,0.949,0.929,0.844,0.871,0.871,0.751,0.723,0.768,0.69,0.582,0.635,0.675,0.602,0.667,0.75,0.791,0.802,0.846,0.902,0.934,0.934,0.949,0.98,0.98,0.991,1,0.983,0.954,0.951,0.938,0.886,0.813,0.797,0.827,0.871
-0.268,-0.265,-0.257,-0.263,-0.313,-0.31,-0.299,-0.259,-0.27,-0.295,-0.295,-0.337,-0.342,-0.315,-0.363,-0.378,-0.379,-0.405,-0.39,-0.379,-0.388,-0.365,-0.389,-0.376,-0.303,-0.264,-0.261,-0.193,-0.155,-0.132,-0.053,-0.033,0.027,0.054,0.022,0.058,0.042,0.118,0.167,0.134,0.109,0.013,-0.042,-0.143,-0.216,-0.251,-0.216,-0.211,-0.067,0.023,-0.075,-0.108,-0.137,-0.199,-0.255,-0.264,-0.278,-0.302,-0.328,-0.324,-0.347,-0.493,-0.604,-0.705,-0.714,-0.695,-0.639,-0.653,-0.704,-0.733,-0.741,-0.736,-0.714,-0.674,-0.733,-0.735,-0.69,-0.705,-0.743,-0.771,-0.732,-0.712,-0.664,-0.623,-0.599,-0.557,-0.417,-0.325,-0.31,-0.437,-0.587,-0.711,-0.732,-0.769,-0.778,-0.786,-0.826,-0.783,-0.716,-0.618,-0.445,-0.249,-0.134,0.075,0.208,0.335,0.502,0.608,0.725,0.573,0.549,0.764,0.862,0.955,0.905,0.911,0.949,0.889,0.8,0.834,0.806,0.655,0.64,0.686,0.582,0.466,0.536,0.574,0.482,0.549,0.641,0.692,0.716,0.77,0.836,0.896,0.895,0.895,0.952,0.978,0.978,0.983,1,0.99,0.975,0.97,0.947,0.885,0.857,0.859,0.857
-0.313,-0.317,-0.315,-0.329,-0.387,-0.385,-0.382,-0.343,-0.353,-0.383,-0.38,-0.415,-0.419,-0.387,-0.425,-0.436,-0.427,-0.451,-0.43,-0.422,-0.427,-0.396,-0.424,-0.411,-0.343,-0.299,-0.289,-0.213,-0.171,-0.134,-0.046,-0.014,0.056,0.084,0.05,0.09,0.07,0.156,0.205,0.174,0.16,0.064,0.006,-0.094,-0.177,-0.21,-0.165,-0.154,0.003,0.101,0.009,-0.025,-0.056,-0.125,-0.188,-0.198,-0.207,-0.228,-0.257,-0.255,-0.275,-0.417,-0.536,-0.649,-0.663,-0.658,-0.617,-0.634,-0.669,-0.69,-0.697,-0.691,-0.67,-0.624,-0.688,-0.695,-0.653,-0.659,-0.694,-0.725,-0.683,-0.669,-0.617,-0.574,-0.56,-0.517,-0.373,-0.278,-0.266,-0.395,-0.55,-0.678,-0.703,-0.742,-0.749,-0.756,-0.802,-0.743,-0.663,-0.551,-0.355,-0.158,-0.038,0.179,0.325,0.447,0.602,0.694,0.807,0.677,0.651,0.84,0.924,0.982,0.934,0.921,0.937,0.859,0.768,0.793,0.746,0.584,0.573,0.612,0.494,0.378,0.452,0.484,0.384,0.449,0.547,0.6,0.63,0.692,0.763,0.839,0.844,0.836,0.906,0.951,0.952,0.954,0.99,1,0.985,0.981,0.976,0.934,0.901,0.891,0.853
-0.378,-0.386,-0.383,-0.389,-0.432,-0.43,-0.411,-0.365,-0.369,-0.403,-0.391,-0.422,-0.425,-0.391,-0.423,-0.433,-0.42,-0.442,-0.417,-0.408,-0.41,-0.375,-0.403,-0.394,-0.334,-0.292,-0.276,-0.2,-0.159,-0.12,-0.034,0,0.065,0.098,0.07,0.102,0.089,0.165,0.21,0.182,0.165,0.08,0.033,-0.065,-0.148,-0.197,-0.166,-0.157,-0.01,0.084,-0.004,-0.031,-0.052,-0.11,-0.156,-0.163,-0.183,-0.201,-0.222,-0.226,-0.255,-0.396,-0.514,-0.64,-0.659,-0.67,-0.636,-0.646,-0.668,-0.676,-0.678,-0.672,-0.647,-0.598,-0.653,-0.659,-0.613,-0.624,-0.661,-0.685,-0.644,-0.634,-0.584,-0.545,-0.536,-0.505,-0.37,-0.276,-0.267,-0.385,-0.525,-0.638,-0.655,-0.69,-0.689,-0.693,-0.744,-0.685,-0.611,-0.49,-0.302,-0.099,0.032,0.235,0.366,0.472,0.609,0.707,0.803,0.688,0.685,0.857,0.921,0.966,0.907,0.867,0.892,0.829,0.715,0.731,0.701,0.545,0.513,0.556,0.453,0.33,0.391,0.43,0.343,0.416,0.52,0.57,0.585,0.648,0.728,0.793,0.797,0.81,0.879,0.915,0.931,0.951,0.975,0.985,1,0.996,0.977,0.95,0.941,0.948,0.925
-0.39,-0.397,-0.395,-0.399,-0.44,-0.433,-0.41,-0.36,-0.364,-0.401,-0.391,-0.429,-0.433,-0.399,-0.436,-0.448,-0.434,-0.45,-0.42,-0.412,-0.406,-0.369,-0.39,-0.377,-0.311,-0.263,-0.244,-0.162,-0.116,-0.075,0.015,0.047,0.107,0.135,0.095,0.119,0.102,0.182,0.227,0.2,0.189,0.104,0.05,-0.045,-0.123,-0.166,-0.131,-0.123,0.025,0.115,0.026,-0.003,-0.027,-0.085,-0.132,-0.141,-0.159,-0.178,-0.204,-0.209,-0.234,-0.376,-0.495,-0.62,-0.636,-0.654,-0.623,-0.635,-0.652,-0.655,-0.654,-0.647,-0.622,-0.574,-0.631,-0.632,-0.59,-0.604,-0.641,-0.668,-0.623,-0.618,-0.571,-0.534,-0.526,-0.496,-0.363,-0.268,-0.257,-0.376,-0.514,-0.63,-0.649,-0.683,-0.686,-0.693,-0.743,-0.685,-0.614,-0.493,-0.307,-0.108,0.028,0.229,0.365,0.462,0.592,0.683,0.787,0.686,0.682,0.843,0.915,0.949,0.875,0.836,0.865,0.788,0.665,0.691,0.661,0.492,0.461,0.511,0.404,0.276,0.341,0.385,0.295,0.373,0.481,0.535,0.55,0.613,0.7,0.77,0.77,0.783,0.862,0.9,0.912,0.938,0.97,0.981,0.996,1,0.985,0.959,0.953,0.952,0.923
-0.403,-0.414,-0.418,-0.433,-0.487,-0.478,-0.468,-0.422,-0.428,-0.469,-0.46,-0.498,-0.502,-0.466,-0.497,-0.506,-0.485,-0.497,-0.46,-0.455,-0.442,-0.398,-0.42,-0.4,-0.335,-0.277,-0.252,-0.16,-0.108,-0.053,0.046,0.087,0.156,0.177,0.126,0.152,0.126,0.223,0.268,0.242,0.25,0.16,0.094,0.002,-0.082,-0.111,-0.058,-0.044,0.119,0.215,0.13,0.098,0.064,-0.007,-0.068,-0.078,-0.086,-0.103,-0.137,-0.141,-0.157,-0.293,-0.42,-0.546,-0.562,-0.589,-0.573,-0.593,-0.597,-0.596,-0.592,-0.585,-0.562,-0.513,-0.58,-0.584,-0.547,-0.554,-0.586,-0.621,-0.571,-0.571,-0.524,-0.484,-0.484,-0.449,-0.312,-0.216,-0.204,-0.328,-0.473,-0.601,-0.629,-0.664,-0.672,-0.681,-0.733,-0.662,-0.578,-0.45,-0.243,-0.051,0.083,0.295,0.452,0.544,0.665,0.732,0.844,0.767,0.75,0.883,0.955,0.956,0.88,0.838,0.842,0.735,0.618,0.646,0.587,0.401,0.385,0.43,0.302,0.175,0.253,0.29,0.185,0.259,0.369,0.43,0.457,0.527,0.617,0.709,0.712,0.708,0.804,0.867,0.868,0.886,0.947,0.976,0.977,0.985,1,0.986,0.965,0.938,0.864
-0.467,-0.487,-0.496,-0.514,-0.566,-0.559,-0.549,-0.503,-0.504,-0.549,-0.532,-0.562,-0.564,-0.523,-0.539,-0.545,-0.511,-0.519,-0.474,-0.472,-0.453,-0.401,-0.426,-0.408,-0.355,-0.296,-0.26,-0.163,-0.109,-0.04,0.064,0.116,0.19,0.214,0.165,0.191,0.165,0.261,0.303,0.282,0.299,0.219,0.157,0.071,-0.019,-0.053,0,0.018,0.181,0.28,0.206,0.179,0.15,0.08,0.023,0.015,0.007,-0.004,-0.037,-0.046,-0.063,-0.188,-0.317,-0.457,-0.48,-0.53,-0.534,-0.554,-0.533,-0.515,-0.507,-0.5,-0.478,-0.423,-0.487,-0.496,-0.46,-0.461,-0.489,-0.523,-0.472,-0.481,-0.434,-0.397,-0.409,-0.382,-0.252,-0.159,-0.151,-0.264,-0.399,-0.518,-0.544,-0.577,-0.58,-0.586,-0.644,-0.56,-0.47,-0.328,-0.112,0.077,0.216,0.419,0.574,0.646,0.738,0.79,0.884,0.843,0.838,0.927,0.972,0.929,0.85,0.777,0.765,0.65,0.523,0.537,0.472,0.283,0.261,0.3,0.171,0.046,0.118,0.152,0.05,0.124,0.238,0.297,0.322,0.398,0.494,0.593,0.6,0.599,0.705,0.78,0.789,0.813,0.885,0.934,0.95,0.959,0.986,1,0.988,0.958,0.859
-0.508,-0.529,-0.535,-0.543,-0.58,-0.571,-0.546,-0.494,-0.489,-0.538,-0.516,-0.545,-0.547,-0.506,-0.52,-0.526,-0.491,-0.495,-0.447,-0.443,-0.42,-0.366,-0.387,-0.372,-0.323,-0.265,-0.226,-0.13,-0.077,-0.01,0.09,0.139,0.203,0.229,0.183,0.197,0.177,0.263,0.3,0.282,0.296,0.227,0.173,0.091,0.007,-0.039,0,0.015,0.163,0.254,0.184,0.162,0.142,0.085,0.045,0.038,0.021,0.009,-0.017,-0.03,-0.054,-0.177,-0.301,-0.446,-0.468,-0.531,-0.54,-0.554,-0.524,-0.496,-0.484,-0.478,-0.454,-0.399,-0.453,-0.458,-0.422,-0.428,-0.458,-0.485,-0.433,-0.447,-0.402,-0.369,-0.384,-0.367,-0.248,-0.159,-0.152,-0.255,-0.375,-0.479,-0.497,-0.526,-0.523,-0.528,-0.588,-0.508,-0.43,-0.287,-0.086,0.101,0.248,0.433,0.572,0.625,0.701,0.758,0.841,0.814,0.827,0.904,0.937,0.887,0.796,0.705,0.707,0.605,0.459,0.471,0.424,0.241,0.203,0.248,0.135,0.005,0.066,0.108,0.018,0.099,0.217,0.274,0.285,0.359,0.461,0.548,0.552,0.569,0.673,0.736,0.755,0.797,0.857,0.901,0.941,0.953,0.965,0.988,1,0.984,0.903
-0.509,-0.531,-0.531,-0.533,-0.56,-0.558,-0.523,-0.472,-0.466,-0.508,-0.482,-0.504,-0.504,-0.464,-0.475,-0.48,-0.448,-0.457,-0.417,-0.411,-0.396,-0.347,-0.375,-0.368,-0.327,-0.283,-0.247,-0.161,-0.115,-0.055,0.036,0.083,0.146,0.183,0.158,0.177,0.167,0.234,0.267,0.25,0.246,0.183,0.147,0.061,-0.023,-0.09,-0.073,-0.062,0.069,0.16,0.093,0.078,0.071,0.027,0.003,-0.002,-0.029,-0.04,-0.054,-0.069,-0.105,-0.23,-0.345,-0.495,-0.522,-0.581,-0.583,-0.587,-0.56,-0.533,-0.525,-0.523,-0.498,-0.441,-0.483,-0.488,-0.446,-0.454,-0.485,-0.504,-0.459,-0.469,-0.423,-0.392,-0.401,-0.392,-0.278,-0.193,-0.189,-0.281,-0.392,-0.48,-0.487,-0.514,-0.502,-0.502,-0.564,-0.491,-0.419,-0.279,-0.093,0.103,0.248,0.423,0.534,0.589,0.666,0.746,0.806,0.762,0.793,0.889,0.905,0.88,0.8,0.701,0.718,0.652,0.503,0.503,0.48,0.321,0.267,0.309,0.219,0.091,0.137,0.181,0.107,0.188,0.303,0.35,0.35,0.418,0.514,0.58,0.585,0.619,0.703,0.746,0.779,0.827,0.859,0.891,0.948,0.952,0.938,0.958,0.984,1,0.957
-0.441,-0.456,-0.451,-0.441,-0.449,-0.447,-0.395,-0.341,-0.334,-0.364,-0.342,-0.367,-0.37,-0.336,-0.364,-0.377,-0.36,-0.376,-0.351,-0.34,-0.336,-0.3,-0.323,-0.326,-0.284,-0.255,-0.233,-0.163,-0.127,-0.091,-0.014,0.02,0.069,0.113,0.105,0.119,0.122,0.162,0.19,0.171,0.139,0.085,0.069,-0.018,-0.091,-0.173,-0.181,-0.187,-0.084,-0.006,-0.078,-0.087,-0.081,-0.109,-0.111,-0.114,-0.153,-0.164,-0.164,-0.179,-0.225,-0.357,-0.455,-0.596,-0.626,-0.665,-0.633,-0.618,-0.616,-0.597,-0.591,-0.59,-0.56,-0.506,-0.535,-0.534,-0.481,-0.503,-0.542,-0.554,-0.525,-0.526,-0.488,-0.464,-0.456,-0.458,-0.357,-0.279,-0.276,-0.356,-0.443,-0.507,-0.505,-0.523,-0.513,-0.51,-0.559,-0.517,-0.465,-0.347,-0.205,-0.006,0.133,0.282,0.352,0.414,0.504,0.619,0.664,0.577,0.625,0.765,0.787,0.821,0.748,0.666,0.724,0.708,0.56,0.562,0.583,0.459,0.387,0.436,0.383,0.259,0.285,0.338,0.291,0.374,0.478,0.515,0.495,0.548,0.633,0.66,0.659,0.716,0.769,0.77,0.813,0.871,0.857,0.853,0.925,0.923,0.864,0.859,0.903,0.957,1
