Dynami,c Cross,#NAME?,ation M,atrix f,or 151,selecte,d units,,,,,,,,,,,,,,,,,,,,,,,,,,,,,,,,,,,,,,,,,,,,,,,,,,,,,,,,,,,,,,,,,,,,,,,,,,,,,,,,,,,,,,,,,,,,,,,,,,,,,,,,,,,,,,,,,,,,,,,,,,,,,,,,,,,,,,,,,,,,,,,
1,0.982,0.945,0.91,0.931,0.928,0.862,0.793,0.727,0.748,0.637,0.559,0.41,0.224,0.055,-0.108,-0.247,-0.28,-0.326,-0.287,-0.292,-0.297,-0.256,-0.169,-0.13,-0.137,-0.255,-0.292,-0.334,-0.429,-0.401,-0.411,-0.381,-0.323,-0.354,-0.322,-0.293,-0.243,-0.178,-0.175,-0.21,-0.182,-0.203,-0.105,-0.13,-0.146,0.053,0.049,0.145,0.14,0.082,0.073,-0.006,0.026,0.012,-0.077,-0.134,-0.13,-0.161,-0.233,-0.266,-0.305,-0.366,-0.446,-0.46,-0.421,-0.462,-0.466,-0.417,-0.365,-0.322,-0.293,-0.199,-0.189,-0.226,-0.161,-0.187,-0.109,0.004,0.047,0.067,0.065,0.126,0.218,0.23,0.275,0.34,0.344,0.359,0.332,0.248,0.19,0.168,0.059,0.025,-0.076,-0.132,-0.215,-0.279,-0.329,-0.384,-0.411,-0.414,-0.346,-0.451,-0.411,-0.391,-0.37,-0.419,-0.459,-0.394,-0.362,-0.353,-0.237,-0.316,-0.303,-0.169,-0.074,-0.166,-0.134,0.006,0.049,-0.049,0.017,0.134,0.112,0.046,0.123,0.225,0.234,0.208,0.204,0.133,0.09,0.109,0.023,-0.009,0.084,0.053,-0.047,-0.013,0.069,-0.022,-0.111,-0.012,0.014,-0.115,-0.163,-0.018,0.068,0.178
0.982,1,0.98,0.955,0.948,0.928,0.864,0.786,0.728,0.756,0.655,0.592,0.445,0.264,0.103,-0.065,-0.206,-0.235,-0.285,-0.248,-0.25,-0.261,-0.227,-0.142,-0.104,-0.115,-0.225,-0.268,-0.308,-0.4,-0.378,-0.386,-0.352,-0.302,-0.33,-0.293,-0.272,-0.229,-0.171,-0.179,-0.218,-0.212,-0.231,-0.156,-0.172,-0.191,-0.011,-0.01,0.081,0.077,0.021,0.013,-0.061,-0.03,-0.039,-0.122,-0.177,-0.17,-0.196,-0.264,-0.289,-0.318,-0.377,-0.445,-0.457,-0.422,-0.458,-0.462,-0.42,-0.37,-0.328,-0.301,-0.213,-0.208,-0.245,-0.187,-0.209,-0.132,-0.028,0.01,0.028,0.028,0.084,0.17,0.187,0.225,0.285,0.292,0.306,0.273,0.192,0.136,0.116,0.011,-0.017,-0.106,-0.158,-0.231,-0.291,-0.341,-0.393,-0.418,-0.417,-0.349,-0.456,-0.424,-0.407,-0.384,-0.428,-0.464,-0.394,-0.354,-0.348,-0.22,-0.299,-0.289,-0.146,-0.039,-0.133,-0.106,0.042,0.094,-0.01,0.053,0.178,0.16,0.087,0.164,0.271,0.278,0.248,0.24,0.167,0.123,0.141,0.049,0.018,0.116,0.08,-0.026,0.014,0.096,-0.003,-0.095,0.01,0.034,-0.105,-0.155,-0.004,0.092,0.206
0.945,0.98,1,0.978,0.949,0.939,0.888,0.81,0.752,0.771,0.67,0.609,0.467,0.282,0.126,-0.035,-0.179,-0.209,-0.267,-0.235,-0.239,-0.26,-0.226,-0.147,-0.113,-0.12,-0.22,-0.255,-0.293,-0.38,-0.353,-0.364,-0.33,-0.273,-0.305,-0.272,-0.244,-0.193,-0.13,-0.136,-0.18,-0.179,-0.22,-0.154,-0.187,-0.192,-0.002,-0.004,0.093,0.086,0.028,0.022,-0.054,-0.015,-0.019,-0.107,-0.169,-0.161,-0.185,-0.261,-0.29,-0.32,-0.378,-0.447,-0.46,-0.427,-0.456,-0.461,-0.425,-0.376,-0.333,-0.303,-0.221,-0.222,-0.265,-0.212,-0.239,-0.161,-0.055,-0.017,0.002,0.01,0.066,0.155,0.182,0.219,0.281,0.288,0.296,0.253,0.168,0.108,0.088,-0.015,-0.036,-0.117,-0.169,-0.235,-0.298,-0.342,-0.394,-0.421,-0.416,-0.352,-0.445,-0.415,-0.4,-0.383,-0.42,-0.446,-0.374,-0.342,-0.339,-0.219,-0.301,-0.293,-0.153,-0.05,-0.147,-0.12,0.026,0.074,-0.031,0.034,0.155,0.134,0.062,0.142,0.247,0.256,0.229,0.222,0.148,0.107,0.127,0.037,0.006,0.104,0.071,-0.032,0.007,0.09,-0.005,-0.095,0.011,0.036,-0.099,-0.145,0.006,0.099,0.209
0.91,0.955,0.978,1,0.976,0.943,0.91,0.841,0.797,0.819,0.738,0.688,0.554,0.375,0.22,0.052,-0.099,-0.128,-0.187,-0.162,-0.168,-0.193,-0.166,-0.09,-0.057,-0.07,-0.168,-0.213,-0.249,-0.34,-0.319,-0.327,-0.298,-0.254,-0.282,-0.251,-0.233,-0.197,-0.146,-0.161,-0.204,-0.208,-0.218,-0.166,-0.184,-0.22,-0.058,-0.066,0.031,0.027,-0.033,-0.044,-0.118,-0.086,-0.087,-0.174,-0.231,-0.22,-0.243,-0.315,-0.336,-0.358,-0.417,-0.475,-0.486,-0.459,-0.494,-0.503,-0.472,-0.423,-0.377,-0.339,-0.251,-0.259,-0.304,-0.254,-0.281,-0.205,-0.104,-0.072,-0.051,-0.05,-0.001,0.077,0.102,0.139,0.201,0.216,0.226,0.185,0.103,0.047,0.029,-0.072,-0.086,-0.162,-0.214,-0.274,-0.337,-0.379,-0.435,-0.461,-0.454,-0.398,-0.491,-0.46,-0.438,-0.419,-0.439,-0.47,-0.404,-0.351,-0.337,-0.196,-0.285,-0.275,-0.117,-0.001,-0.106,-0.078,0.082,0.137,0.024,0.093,0.223,0.202,0.125,0.207,0.318,0.327,0.297,0.286,0.209,0.166,0.185,0.088,0.057,0.161,0.122,0.011,0.055,0.141,0.036,-0.061,0.053,0.076,-0.072,-0.125,0.035,0.136,0.256
0.931,0.948,0.949,0.976,1,0.976,0.941,0.884,0.839,0.86,0.775,0.708,0.569,0.379,0.207,0.033,-0.122,-0.151,-0.2,-0.169,-0.173,-0.185,-0.15,-0.069,-0.031,-0.048,-0.154,-0.214,-0.254,-0.357,-0.344,-0.349,-0.327,-0.284,-0.305,-0.279,-0.259,-0.232,-0.185,-0.197,-0.238,-0.231,-0.229,-0.155,-0.163,-0.204,-0.035,-0.038,0.051,0.043,-0.016,-0.025,-0.098,-0.071,-0.072,-0.163,-0.215,-0.198,-0.228,-0.302,-0.316,-0.341,-0.404,-0.471,-0.483,-0.456,-0.504,-0.516,-0.479,-0.424,-0.37,-0.326,-0.224,-0.235,-0.282,-0.226,-0.253,-0.177,-0.069,-0.035,-0.013,-0.023,0.023,0.1,0.112,0.153,0.219,0.24,0.258,0.225,0.148,0.093,0.075,-0.028,-0.049,-0.136,-0.19,-0.26,-0.33,-0.379,-0.447,-0.479,-0.479,-0.436,-0.55,-0.521,-0.5,-0.479,-0.506,-0.544,-0.475,-0.419,-0.394,-0.244,-0.345,-0.33,-0.158,-0.04,-0.157,-0.118,0.057,0.11,-0.012,0.069,0.211,0.183,0.102,0.194,0.313,0.328,0.298,0.288,0.203,0.156,0.179,0.075,0.037,0.151,0.112,-0.01,0.034,0.132,0.02,-0.088,0.035,0.065,-0.095,-0.154,0.021,0.127,0.259
0.928,0.928,0.939,0.943,0.976,1,0.977,0.933,0.882,0.886,0.788,0.702,0.562,0.359,0.17,0.006,-0.148,-0.178,-0.222,-0.186,-0.186,-0.195,-0.145,-0.071,-0.031,-0.04,-0.145,-0.202,-0.245,-0.352,-0.337,-0.343,-0.329,-0.272,-0.294,-0.278,-0.242,-0.21,-0.158,-0.16,-0.202,-0.18,-0.196,-0.105,-0.129,-0.145,0.052,0.044,0.133,0.115,0.05,0.051,-0.027,0.008,0.009,-0.094,-0.154,-0.135,-0.168,-0.257,-0.279,-0.315,-0.382,-0.467,-0.485,-0.463,-0.521,-0.534,-0.489,-0.427,-0.368,-0.319,-0.214,-0.225,-0.271,-0.21,-0.238,-0.162,-0.052,-0.014,0.007,-0.002,0.047,0.14,0.153,0.199,0.273,0.303,0.321,0.286,0.212,0.155,0.139,0.032,0.008,-0.086,-0.143,-0.226,-0.305,-0.351,-0.43,-0.467,-0.466,-0.436,-0.554,-0.522,-0.506,-0.492,-0.533,-0.568,-0.496,-0.462,-0.442,-0.307,-0.418,-0.404,-0.232,-0.124,-0.251,-0.203,-0.025,0.015,-0.111,-0.019,0.125,0.085,0.007,0.109,0.232,0.258,0.234,0.228,0.134,0.085,0.118,0.012,-0.031,0.089,0.057,-0.068,-0.027,0.082,-0.027,-0.139,-0.01,0.029,-0.13,-0.186,0,0.101,0.236
0.862,0.864,0.888,0.91,0.941,0.977,1,0.975,0.936,0.934,0.846,0.763,0.636,0.439,0.243,0.084,-0.068,-0.096,-0.14,-0.101,-0.1,-0.114,-0.065,0,0.028,0.017,-0.076,-0.13,-0.175,-0.278,-0.261,-0.27,-0.26,-0.207,-0.229,-0.22,-0.187,-0.159,-0.114,-0.121,-0.161,-0.144,-0.155,-0.082,-0.122,-0.144,0.042,0.015,0.109,0.087,0.014,0.015,-0.067,-0.03,-0.025,-0.134,-0.202,-0.181,-0.211,-0.305,-0.328,-0.363,-0.428,-0.509,-0.527,-0.513,-0.577,-0.591,-0.547,-0.485,-0.426,-0.373,-0.27,-0.283,-0.329,-0.274,-0.289,-0.214,-0.12,-0.082,-0.059,-0.064,-0.014,0.077,0.093,0.141,0.219,0.257,0.272,0.236,0.166,0.114,0.099,-0.008,-0.025,-0.113,-0.171,-0.256,-0.335,-0.369,-0.45,-0.475,-0.464,-0.453,-0.568,-0.528,-0.507,-0.491,-0.528,-0.573,-0.508,-0.462,-0.432,-0.291,-0.412,-0.396,-0.214,-0.108,-0.243,-0.189,-0.005,0.029,-0.099,-0.001,0.143,0.098,0.021,0.129,0.253,0.284,0.262,0.257,0.158,0.11,0.145,0.039,-0.006,0.117,0.086,-0.042,0,0.113,0.003,-0.112,0.02,0.062,-0.101,-0.16,0.03,0.13,0.269
0.793,0.786,0.81,0.841,0.884,0.933,0.975,1,0.985,0.954,0.887,0.802,0.699,0.51,0.309,0.163,0.008,-0.015,-0.048,-0.011,-0.011,-0.023,0.028,0.088,0.126,0.117,0.024,-0.033,-0.08,-0.187,-0.172,-0.181,-0.176,-0.123,-0.14,-0.139,-0.106,-0.095,-0.068,-0.082,-0.119,-0.106,-0.102,-0.06,-0.104,-0.129,0.034,-0.021,0.074,0.044,-0.039,-0.031,-0.118,-0.074,-0.063,-0.183,-0.256,-0.226,-0.257,-0.362,-0.379,-0.41,-0.473,-0.553,-0.573,-0.565,-0.631,-0.642,-0.598,-0.534,-0.472,-0.417,-0.312,-0.328,-0.368,-0.311,-0.314,-0.244,-0.161,-0.116,-0.09,-0.097,-0.046,0.041,0.05,0.101,0.182,0.232,0.249,0.207,0.141,0.096,0.079,-0.037,-0.051,-0.135,-0.202,-0.287,-0.375,-0.407,-0.499,-0.531,-0.514,-0.521,-0.628,-0.588,-0.561,-0.548,-0.567,-0.612,-0.551,-0.497,-0.445,-0.292,-0.428,-0.401,-0.204,-0.102,-0.247,-0.179,0.014,0.04,-0.09,0.02,0.165,0.112,0.038,0.152,0.276,0.314,0.295,0.291,0.189,0.14,0.179,0.072,0.021,0.147,0.119,-0.014,0.025,0.142,0.032,-0.091,0.041,0.089,-0.079,-0.149,0.046,0.141,0.291
0.727,0.728,0.752,0.797,0.839,0.882,0.936,0.985,1,0.97,0.934,0.866,0.783,0.614,0.419,0.278,0.121,0.106,0.077,0.108,0.109,0.094,0.138,0.193,0.233,0.219,0.133,0.069,0.022,-0.085,-0.077,-0.084,-0.08,-0.039,-0.05,-0.051,-0.031,-0.041,-0.035,-0.065,-0.099,-0.108,-0.089,-0.089,-0.124,-0.156,-0.031,-0.106,-0.016,-0.05,-0.139,-0.128,-0.216,-0.173,-0.157,-0.278,-0.347,-0.309,-0.338,-0.44,-0.444,-0.459,-0.52,-0.587,-0.605,-0.603,-0.672,-0.683,-0.641,-0.576,-0.511,-0.451,-0.346,-0.367,-0.402,-0.353,-0.341,-0.272,-0.209,-0.168,-0.141,-0.15,-0.104,-0.033,-0.035,0.013,0.09,0.149,0.164,0.119,0.06,0.027,0.016,-0.098,-0.101,-0.172,-0.24,-0.318,-0.41,-0.44,-0.542,-0.576,-0.554,-0.577,-0.675,-0.638,-0.606,-0.591,-0.589,-0.634,-0.578,-0.507,-0.439,-0.268,-0.418,-0.386,-0.17,-0.062,-0.219,-0.144,0.062,0.087,-0.05,0.068,0.218,0.16,0.084,0.203,0.33,0.373,0.357,0.35,0.244,0.195,0.236,0.123,0.07,0.203,0.173,0.033,0.074,0.196,0.08,-0.051,0.088,0.137,-0.04,-0.117,0.086,0.185,0.339
0.748,0.756,0.771,0.819,0.86,0.886,0.934,0.954,0.97,1,0.971,0.908,0.808,0.653,0.455,0.293,0.143,0.133,0.094,0.123,0.13,0.108,0.15,0.215,0.245,0.218,0.138,0.064,0.016,-0.09,-0.092,-0.095,-0.095,-0.067,-0.079,-0.081,-0.074,-0.083,-0.076,-0.113,-0.146,-0.173,-0.155,-0.145,-0.161,-0.198,-0.081,-0.135,-0.054,-0.081,-0.164,-0.163,-0.243,-0.21,-0.199,-0.308,-0.367,-0.334,-0.36,-0.448,-0.447,-0.459,-0.523,-0.577,-0.588,-0.587,-0.664,-0.682,-0.633,-0.564,-0.5,-0.442,-0.339,-0.358,-0.402,-0.364,-0.353,-0.274,-0.217,-0.189,-0.166,-0.176,-0.135,-0.073,-0.073,-0.036,0.039,0.094,0.106,0.065,0.011,-0.024,-0.028,-0.124,-0.128,-0.196,-0.247,-0.325,-0.409,-0.44,-0.54,-0.566,-0.547,-0.569,-0.672,-0.635,-0.601,-0.578,-0.582,-0.637,-0.58,-0.493,-0.432,-0.251,-0.407,-0.386,-0.157,-0.031,-0.201,-0.132,0.088,0.123,-0.032,0.088,0.254,0.194,0.105,0.23,0.368,0.415,0.397,0.388,0.274,0.222,0.264,0.144,0.091,0.234,0.2,0.052,0.102,0.232,0.105,-0.03,0.125,0.172,-0.018,-0.091,0.13,0.24,0.391
0.637,0.655,0.67,0.738,0.775,0.788,0.846,0.887,0.934,0.971,1,0.971,0.907,0.794,0.615,0.464,0.321,0.313,0.275,0.29,0.286,0.252,0.272,0.323,0.344,0.305,0.243,0.163,0.117,0.018,0.009,0.006,0.008,0.019,0.014,0.015,0.008,-0.015,-0.027,-0.081,-0.109,-0.163,-0.127,-0.169,-0.172,-0.206,-0.148,-0.227,-0.156,-0.187,-0.273,-0.273,-0.35,-0.321,-0.307,-0.412,-0.467,-0.429,-0.45,-0.533,-0.521,-0.518,-0.58,-0.617,-0.623,-0.628,-0.708,-0.725,-0.677,-0.61,-0.548,-0.489,-0.389,-0.407,-0.444,-0.422,-0.399,-0.331,-0.301,-0.285,-0.269,-0.286,-0.255,-0.211,-0.218,-0.184,-0.109,-0.045,-0.031,-0.075,-0.118,-0.142,-0.134,-0.215,-0.208,-0.259,-0.303,-0.369,-0.452,-0.484,-0.588,-0.612,-0.591,-0.627,-0.704,-0.663,-0.618,-0.592,-0.564,-0.623,-0.585,-0.467,-0.379,-0.179,-0.347,-0.317,-0.073,0.053,-0.122,-0.047,0.177,0.207,0.054,0.178,0.338,0.275,0.192,0.315,0.445,0.493,0.479,0.468,0.36,0.311,0.351,0.234,0.181,0.321,0.287,0.14,0.188,0.314,0.189,0.052,0.202,0.248,0.058,-0.025,0.19,0.296,0.444
0.559,0.592,0.609,0.688,0.708,0.702,0.763,0.802,0.866,0.908,0.971,1,0.968,0.885,0.748,0.61,0.463,0.448,0.411,0.421,0.399,0.359,0.357,0.385,0.392,0.346,0.307,0.241,0.196,0.116,0.107,0.103,0.119,0.119,0.115,0.127,0.108,0.085,0.063,-0.005,-0.03,-0.114,-0.083,-0.192,-0.216,-0.244,-0.236,-0.341,-0.278,-0.31,-0.396,-0.4,-0.474,-0.447,-0.435,-0.531,-0.585,-0.552,-0.566,-0.635,-0.619,-0.602,-0.654,-0.666,-0.665,-0.671,-0.736,-0.75,-0.713,-0.659,-0.605,-0.549,-0.46,-0.476,-0.502,-0.491,-0.456,-0.401,-0.392,-0.385,-0.378,-0.396,-0.368,-0.339,-0.345,-0.315,-0.243,-0.181,-0.167,-0.216,-0.262,-0.275,-0.264,-0.339,-0.319,-0.352,-0.394,-0.44,-0.514,-0.54,-0.629,-0.636,-0.604,-0.633,-0.683,-0.644,-0.588,-0.552,-0.495,-0.554,-0.525,-0.374,-0.265,-0.056,-0.225,-0.191,0.053,0.174,0.005,0.077,0.29,0.315,0.173,0.288,0.43,0.369,0.296,0.408,0.52,0.563,0.554,0.543,0.45,0.408,0.443,0.337,0.291,0.417,0.385,0.25,0.296,0.407,0.292,0.165,0.299,0.339,0.163,0.078,0.27,0.365,0.498
0.41,0.445,0.467,0.554,0.569,0.562,0.636,0.699,0.783,0.808,0.907,0.968,1,0.955,0.856,0.761,0.631,0.611,0.585,0.591,0.551,0.505,0.482,0.477,0.467,0.414,0.405,0.354,0.31,0.249,0.243,0.234,0.258,0.252,0.251,0.266,0.243,0.211,0.174,0.094,0.072,-0.04,-0.014,-0.19,-0.231,-0.242,-0.289,-0.427,-0.373,-0.41,-0.497,-0.497,-0.566,-0.534,-0.519,-0.613,-0.667,-0.636,-0.645,-0.709,-0.691,-0.664,-0.705,-0.699,-0.696,-0.705,-0.756,-0.765,-0.742,-0.699,-0.652,-0.6,-0.521,-0.537,-0.548,-0.544,-0.498,-0.465,-0.48,-0.477,-0.476,-0.495,-0.475,-0.458,-0.462,-0.432,-0.359,-0.291,-0.27,-0.327,-0.372,-0.375,-0.359,-0.428,-0.4,-0.418,-0.46,-0.493,-0.562,-0.579,-0.66,-0.655,-0.614,-0.653,-0.676,-0.64,-0.575,-0.534,-0.446,-0.508,-0.498,-0.32,-0.175,0.038,-0.137,-0.085,0.155,0.253,0.095,0.178,0.371,0.378,0.257,0.371,0.486,0.422,0.371,0.472,0.557,0.599,0.599,0.592,0.516,0.481,0.513,0.425,0.381,0.488,0.464,0.345,0.379,0.474,0.379,0.259,0.367,0.408,0.252,0.159,0.32,0.391,0.516
0.224,0.264,0.282,0.375,0.379,0.359,0.439,0.51,0.614,0.653,0.794,0.885,0.955,1,0.951,0.879,0.792,0.778,0.745,0.725,0.675,0.611,0.556,0.532,0.499,0.434,0.458,0.417,0.383,0.351,0.344,0.336,0.363,0.338,0.341,0.36,0.316,0.274,0.218,0.123,0.114,-0.025,0.012,-0.206,-0.23,-0.245,-0.357,-0.502,-0.463,-0.494,-0.572,-0.577,-0.631,-0.609,-0.597,-0.668,-0.709,-0.68,-0.681,-0.723,-0.695,-0.65,-0.68,-0.645,-0.632,-0.644,-0.687,-0.695,-0.675,-0.642,-0.607,-0.566,-0.508,-0.518,-0.519,-0.538,-0.48,-0.46,-0.508,-0.522,-0.534,-0.554,-0.543,-0.552,-0.559,-0.542,-0.482,-0.421,-0.41,-0.466,-0.492,-0.478,-0.448,-0.488,-0.448,-0.44,-0.465,-0.479,-0.531,-0.542,-0.612,-0.592,-0.553,-0.603,-0.587,-0.541,-0.466,-0.431,-0.321,-0.385,-0.414,-0.224,-0.068,0.131,-0.024,0.034,0.245,0.322,0.191,0.266,0.425,0.425,0.331,0.426,0.51,0.456,0.422,0.501,0.558,0.594,0.597,0.591,0.539,0.512,0.535,0.468,0.435,0.513,0.494,0.401,0.426,0.494,0.421,0.322,0.399,0.429,0.306,0.215,0.333,0.383,0.481
0.055,0.103,0.126,0.22,0.207,0.17,0.243,0.309,0.419,0.455,0.615,0.748,0.856,0.951,1,0.968,0.899,0.871,0.837,0.8,0.726,0.654,0.572,0.52,0.477,0.416,0.476,0.465,0.44,0.437,0.441,0.431,0.469,0.434,0.433,0.459,0.402,0.363,0.298,0.196,0.2,0.034,0.054,-0.219,-0.245,-0.241,-0.409,-0.567,-0.536,-0.561,-0.628,-0.638,-0.679,-0.659,-0.651,-0.699,-0.731,-0.714,-0.706,-0.725,-0.697,-0.642,-0.652,-0.591,-0.568,-0.575,-0.591,-0.59,-0.586,-0.572,-0.553,-0.527,-0.494,-0.5,-0.486,-0.513,-0.454,-0.455,-0.518,-0.539,-0.561,-0.582,-0.582,-0.612,-0.615,-0.607,-0.56,-0.504,-0.497,-0.557,-0.583,-0.56,-0.533,-0.558,-0.51,-0.482,-0.499,-0.488,-0.516,-0.518,-0.56,-0.52,-0.475,-0.508,-0.457,-0.421,-0.347,-0.313,-0.184,-0.231,-0.27,-0.081,0.074,0.245,0.119,0.174,0.343,0.394,0.299,0.359,0.47,0.463,0.403,0.471,0.514,0.472,0.46,0.511,0.533,0.557,0.566,0.56,0.537,0.524,0.536,0.497,0.478,0.522,0.51,0.451,0.466,0.502,0.458,0.388,0.429,0.448,0.366,0.288,0.353,0.377,0.441
-0.108,-0.065,-0.035,0.052,0.033,0.006,0.084,0.163,0.278,0.293,0.464,0.61,0.761,0.879,0.968,1,0.96,0.928,0.908,0.87,0.786,0.715,0.626,0.547,0.495,0.441,0.526,0.54,0.521,0.536,0.544,0.531,0.564,0.526,0.524,0.543,0.489,0.448,0.376,0.276,0.284,0.113,0.12,-0.182,-0.224,-0.201,-0.394,-0.566,-0.544,-0.571,-0.63,-0.635,-0.667,-0.644,-0.634,-0.673,-0.702,-0.689,-0.679,-0.692,-0.666,-0.612,-0.609,-0.541,-0.517,-0.527,-0.528,-0.524,-0.533,-0.53,-0.519,-0.499,-0.484,-0.49,-0.464,-0.496,-0.435,-0.455,-0.534,-0.558,-0.583,-0.604,-0.613,-0.649,-0.646,-0.641,-0.598,-0.541,-0.533,-0.597,-0.617,-0.589,-0.562,-0.574,-0.523,-0.48,-0.492,-0.469,-0.487,-0.477,-0.504,-0.457,-0.407,-0.447,-0.372,-0.342,-0.27,-0.237,-0.095,-0.136,-0.187,-0.006,0.156,0.299,0.183,0.243,0.382,0.401,0.325,0.387,0.463,0.436,0.403,0.461,0.471,0.427,0.439,0.475,0.468,0.492,0.511,0.511,0.505,0.502,0.511,0.496,0.482,0.502,0.501,0.468,0.47,0.487,0.47,0.421,0.433,0.45,0.402,0.332,0.36,0.356,0.397
-0.247,-0.206,-0.179,-0.099,-0.122,-0.148,-0.068,0.008,0.121,0.143,0.321,0.463,0.631,0.792,0.899,0.96,1,0.978,0.947,0.898,0.817,0.735,0.63,0.541,0.463,0.4,0.51,0.534,0.521,0.555,0.566,0.55,0.575,0.526,0.522,0.535,0.477,0.43,0.352,0.254,0.264,0.092,0.094,-0.188,-0.212,-0.194,-0.4,-0.542,-0.534,-0.553,-0.593,-0.598,-0.612,-0.598,-0.585,-0.606,-0.621,-0.607,-0.591,-0.59,-0.558,-0.497,-0.489,-0.412,-0.385,-0.396,-0.398,-0.399,-0.41,-0.408,-0.401,-0.387,-0.387,-0.393,-0.368,-0.416,-0.35,-0.372,-0.472,-0.509,-0.538,-0.554,-0.576,-0.621,-0.62,-0.626,-0.594,-0.54,-0.545,-0.608,-0.605,-0.563,-0.524,-0.509,-0.452,-0.391,-0.388,-0.358,-0.363,-0.346,-0.37,-0.315,-0.28,-0.341,-0.263,-0.229,-0.163,-0.138,-0.01,-0.057,-0.137,0.024,0.177,0.287,0.196,0.257,0.357,0.35,0.303,0.36,0.4,0.363,0.357,0.401,0.386,0.35,0.377,0.398,0.37,0.391,0.411,0.416,0.425,0.426,0.429,0.433,0.424,0.421,0.428,0.416,0.407,0.406,0.41,0.379,0.366,0.378,0.361,0.299,0.295,0.272,0.292
-0.28,-0.235,-0.209,-0.128,-0.151,-0.178,-0.096,-0.015,0.106,0.133,0.313,0.448,0.611,0.778,0.871,0.928,0.978,1,0.977,0.928,0.884,0.801,0.707,0.629,0.545,0.474,0.58,0.587,0.575,0.604,0.604,0.59,0.602,0.545,0.553,0.556,0.491,0.419,0.322,0.219,0.232,0.063,0.087,-0.194,-0.206,-0.213,-0.428,-0.564,-0.564,-0.584,-0.622,-0.624,-0.634,-0.624,-0.606,-0.625,-0.631,-0.604,-0.587,-0.586,-0.538,-0.462,-0.455,-0.37,-0.343,-0.358,-0.369,-0.372,-0.384,-0.377,-0.365,-0.346,-0.347,-0.361,-0.337,-0.389,-0.313,-0.33,-0.439,-0.479,-0.502,-0.522,-0.547,-0.604,-0.614,-0.623,-0.602,-0.551,-0.558,-0.62,-0.605,-0.548,-0.501,-0.482,-0.415,-0.344,-0.344,-0.309,-0.321,-0.304,-0.342,-0.297,-0.263,-0.345,-0.265,-0.236,-0.174,-0.161,-0.031,-0.069,-0.159,-0.01,0.138,0.247,0.157,0.219,0.318,0.313,0.264,0.323,0.366,0.332,0.324,0.369,0.359,0.324,0.347,0.368,0.346,0.371,0.39,0.393,0.399,0.397,0.402,0.402,0.391,0.392,0.398,0.382,0.372,0.376,0.376,0.343,0.332,0.346,0.325,0.263,0.265,0.246,0.264
-0.326,-0.285,-0.267,-0.187,-0.2,-0.222,-0.14,-0.048,0.077,0.094,0.275,0.411,0.585,0.745,0.837,0.908,0.947,0.977,1,0.972,0.932,0.878,0.785,0.687,0.606,0.534,0.643,0.638,0.625,0.656,0.644,0.636,0.65,0.594,0.612,0.616,0.555,0.47,0.363,0.258,0.269,0.097,0.134,-0.175,-0.195,-0.195,-0.438,-0.591,-0.605,-0.633,-0.67,-0.666,-0.673,-0.666,-0.645,-0.662,-0.662,-0.633,-0.617,-0.611,-0.556,-0.477,-0.461,-0.37,-0.345,-0.365,-0.367,-0.363,-0.386,-0.387,-0.377,-0.36,-0.365,-0.38,-0.345,-0.395,-0.309,-0.339,-0.459,-0.498,-0.519,-0.545,-0.573,-0.639,-0.656,-0.666,-0.651,-0.593,-0.585,-0.642,-0.624,-0.562,-0.519,-0.5,-0.436,-0.362,-0.364,-0.327,-0.338,-0.322,-0.356,-0.311,-0.271,-0.352,-0.275,-0.264,-0.208,-0.186,-0.05,-0.084,-0.162,-0.003,0.155,0.27,0.172,0.237,0.346,0.341,0.287,0.35,0.397,0.36,0.35,0.398,0.389,0.351,0.374,0.396,0.373,0.401,0.422,0.424,0.43,0.43,0.435,0.435,0.423,0.425,0.432,0.415,0.405,0.409,0.41,0.373,0.364,0.379,0.356,0.291,0.292,0.272,0.292
-0.287,-0.248,-0.235,-0.162,-0.169,-0.186,-0.101,-0.011,0.108,0.123,0.29,0.421,0.591,0.725,0.8,0.87,0.898,0.928,0.972,1,0.97,0.939,0.855,0.74,0.64,0.561,0.67,0.659,0.631,0.662,0.644,0.632,0.66,0.611,0.627,0.64,0.587,0.507,0.407,0.301,0.298,0.116,0.141,-0.187,-0.238,-0.225,-0.461,-0.62,-0.635,-0.667,-0.707,-0.699,-0.71,-0.698,-0.675,-0.695,-0.7,-0.671,-0.653,-0.649,-0.597,-0.517,-0.495,-0.402,-0.378,-0.398,-0.398,-0.39,-0.415,-0.418,-0.41,-0.392,-0.396,-0.409,-0.366,-0.414,-0.316,-0.348,-0.477,-0.513,-0.532,-0.553,-0.576,-0.638,-0.653,-0.662,-0.653,-0.598,-0.578,-0.633,-0.62,-0.558,-0.516,-0.502,-0.441,-0.368,-0.372,-0.34,-0.349,-0.329,-0.361,-0.305,-0.256,-0.337,-0.287,-0.29,-0.243,-0.206,-0.09,-0.131,-0.192,-0.023,0.142,0.266,0.152,0.219,0.343,0.342,0.274,0.345,0.405,0.364,0.345,0.403,0.403,0.359,0.378,0.411,0.393,0.428,0.448,0.453,0.451,0.447,0.458,0.452,0.436,0.447,0.454,0.429,0.421,0.435,0.429,0.385,0.386,0.405,0.373,0.304,0.319,0.301,0.332
-0.292,-0.25,-0.239,-0.168,-0.173,-0.186,-0.1,-0.011,0.109,0.13,0.286,0.399,0.551,0.675,0.726,0.786,0.817,0.884,0.932,0.97,1,0.976,0.921,0.826,0.722,0.637,0.732,0.698,0.667,0.685,0.651,0.643,0.653,0.6,0.626,0.626,0.572,0.468,0.352,0.247,0.245,0.079,0.125,-0.18,-0.221,-0.231,-0.453,-0.592,-0.616,-0.649,-0.686,-0.674,-0.682,-0.676,-0.647,-0.667,-0.661,-0.619,-0.602,-0.601,-0.534,-0.445,-0.426,-0.332,-0.308,-0.335,-0.348,-0.346,-0.368,-0.364,-0.347,-0.323,-0.325,-0.346,-0.309,-0.357,-0.255,-0.278,-0.409,-0.446,-0.462,-0.486,-0.513,-0.581,-0.608,-0.62,-0.623,-0.569,-0.555,-0.606,-0.577,-0.502,-0.451,-0.433,-0.362,-0.283,-0.291,-0.256,-0.273,-0.251,-0.297,-0.256,-0.205,-0.306,-0.269,-0.281,-0.248,-0.224,-0.125,-0.153,-0.209,-0.073,0.068,0.179,0.072,0.127,0.247,0.255,0.182,0.247,0.316,0.282,0.253,0.312,0.326,0.283,0.29,0.326,0.324,0.365,0.384,0.384,0.371,0.363,0.378,0.363,0.344,0.366,0.371,0.338,0.335,0.36,0.346,0.299,0.314,0.335,0.293,0.233,0.266,0.261,0.288
-0.297,-0.261,-0.26,-0.193,-0.185,-0.195,-0.114,-0.023,0.094,0.108,0.252,0.359,0.505,0.611,0.654,0.715,0.735,0.801,0.878,0.939,0.976,1,0.96,0.858,0.758,0.676,0.768,0.723,0.689,0.705,0.657,0.656,0.668,0.615,0.65,0.651,0.602,0.487,0.364,0.263,0.259,0.103,0.163,-0.148,-0.2,-0.209,-0.441,-0.587,-0.624,-0.663,-0.698,-0.68,-0.688,-0.685,-0.653,-0.672,-0.663,-0.615,-0.598,-0.596,-0.524,-0.432,-0.406,-0.309,-0.287,-0.317,-0.329,-0.323,-0.348,-0.348,-0.33,-0.305,-0.306,-0.329,-0.286,-0.334,-0.222,-0.25,-0.39,-0.427,-0.441,-0.468,-0.497,-0.566,-0.6,-0.61,-0.618,-0.565,-0.54,-0.585,-0.555,-0.473,-0.425,-0.409,-0.341,-0.261,-0.269,-0.236,-0.252,-0.23,-0.275,-0.238,-0.183,-0.284,-0.264,-0.293,-0.27,-0.237,-0.148,-0.174,-0.212,-0.08,0.058,0.167,0.058,0.11,0.231,0.24,0.164,0.229,0.3,0.266,0.235,0.294,0.312,0.268,0.273,0.31,0.311,0.355,0.374,0.373,0.357,0.349,0.365,0.349,0.329,0.355,0.359,0.324,0.324,0.352,0.335,0.287,0.307,0.329,0.285,0.227,0.265,0.26,0.288
-0.256,-0.227,-0.226,-0.166,-0.15,-0.145,-0.065,0.028,0.138,0.15,0.272,0.357,0.482,0.556,0.572,0.626,0.63,0.707,0.785,0.855,0.921,0.96,1,0.95,0.869,0.803,0.866,0.816,0.773,0.757,0.698,0.693,0.675,0.62,0.653,0.627,0.58,0.458,0.329,0.239,0.244,0.117,0.183,-0.099,-0.162,-0.177,-0.373,-0.519,-0.558,-0.604,-0.647,-0.623,-0.638,-0.636,-0.599,-0.626,-0.614,-0.554,-0.543,-0.549,-0.468,-0.372,-0.355,-0.27,-0.252,-0.287,-0.317,-0.318,-0.335,-0.329,-0.3,-0.265,-0.257,-0.292,-0.259,-0.299,-0.192,-0.204,-0.329,-0.361,-0.369,-0.402,-0.431,-0.484,-0.515,-0.523,-0.527,-0.466,-0.444,-0.493,-0.463,-0.37,-0.333,-0.328,-0.262,-0.183,-0.197,-0.17,-0.197,-0.171,-0.231,-0.209,-0.149,-0.266,-0.268,-0.301,-0.291,-0.268,-0.202,-0.219,-0.24,-0.145,-0.035,0.055,-0.057,-0.022,0.1,0.116,0.024,0.088,0.174,0.142,0.092,0.16,0.198,0.146,0.136,0.188,0.211,0.268,0.288,0.285,0.248,0.236,0.262,0.233,0.207,0.253,0.258,0.21,0.216,0.266,0.238,0.184,0.229,0.257,0.199,0.155,0.225,0.232,0.262
-0.169,-0.142,-0.147,-0.09,-0.069,-0.071,0,0.088,0.193,0.215,0.323,0.385,0.477,0.532,0.52,0.547,0.541,0.629,0.687,0.74,0.826,0.858,0.95,1,0.958,0.902,0.907,0.845,0.795,0.727,0.66,0.654,0.598,0.535,0.566,0.516,0.464,0.332,0.199,0.12,0.139,0.049,0.143,-0.075,-0.106,-0.143,-0.304,-0.438,-0.475,-0.518,-0.568,-0.549,-0.575,-0.582,-0.546,-0.58,-0.558,-0.483,-0.48,-0.492,-0.394,-0.291,-0.296,-0.223,-0.209,-0.248,-0.304,-0.319,-0.316,-0.29,-0.247,-0.207,-0.189,-0.235,-0.225,-0.254,-0.156,-0.135,-0.239,-0.264,-0.261,-0.299,-0.324,-0.357,-0.389,-0.4,-0.393,-0.323,-0.316,-0.368,-0.332,-0.238,-0.213,-0.221,-0.161,-0.093,-0.113,-0.101,-0.142,-0.134,-0.221,-0.231,-0.188,-0.317,-0.335,-0.363,-0.356,-0.357,-0.298,-0.307,-0.334,-0.269,-0.173,-0.082,-0.195,-0.161,-0.031,-0.005,-0.106,-0.037,0.068,0.045,-0.02,0.059,0.12,0.066,0.043,0.107,0.152,0.214,0.229,0.225,0.171,0.149,0.181,0.135,0.102,0.164,0.165,0.099,0.109,0.177,0.133,0.064,0.127,0.163,0.085,0.037,0.137,0.163,0.21
-0.13,-0.104,-0.113,-0.057,-0.031,-0.031,0.028,0.126,0.233,0.245,0.344,0.392,0.467,0.499,0.477,0.495,0.463,0.545,0.606,0.64,0.722,0.758,0.869,0.958,1,0.983,0.952,0.878,0.838,0.738,0.661,0.656,0.576,0.508,0.538,0.469,0.412,0.274,0.132,0.058,0.098,0.029,0.148,-0.044,-0.032,-0.078,-0.244,-0.387,-0.424,-0.47,-0.525,-0.505,-0.54,-0.55,-0.516,-0.555,-0.529,-0.449,-0.455,-0.469,-0.364,-0.267,-0.281,-0.218,-0.211,-0.254,-0.314,-0.329,-0.32,-0.286,-0.239,-0.2,-0.176,-0.227,-0.221,-0.238,-0.145,-0.118,-0.205,-0.216,-0.202,-0.247,-0.271,-0.295,-0.333,-0.344,-0.326,-0.243,-0.239,-0.288,-0.254,-0.166,-0.164,-0.191,-0.142,-0.084,-0.109,-0.103,-0.153,-0.155,-0.249,-0.287,-0.25,-0.369,-0.394,-0.428,-0.423,-0.427,-0.365,-0.364,-0.368,-0.318,-0.238,-0.139,-0.254,-0.226,-0.084,-0.041,-0.152,-0.085,0.039,0.029,-0.052,0.033,0.114,0.059,0.022,0.093,0.158,0.221,0.234,0.224,0.155,0.129,0.164,0.104,0.066,0.145,0.14,0.058,0.076,0.156,0.097,0.017,0.099,0.137,0.038,-0.011,0.113,0.157,0.221
-0.137,-0.115,-0.12,-0.07,-0.048,-0.04,0.017,0.117,0.219,0.218,0.305,0.346,0.414,0.434,0.416,0.441,0.4,0.474,0.534,0.561,0.637,0.676,0.803,0.902,0.983,1,0.963,0.903,0.872,0.763,0.687,0.679,0.585,0.518,0.539,0.455,0.399,0.269,0.129,0.064,0.118,0.065,0.182,0.004,0.029,-0.014,-0.178,-0.328,-0.364,-0.412,-0.47,-0.448,-0.487,-0.496,-0.465,-0.505,-0.48,-0.403,-0.412,-0.429,-0.329,-0.241,-0.255,-0.201,-0.198,-0.242,-0.297,-0.31,-0.303,-0.271,-0.227,-0.191,-0.169,-0.222,-0.219,-0.229,-0.145,-0.116,-0.191,-0.194,-0.174,-0.22,-0.243,-0.256,-0.289,-0.298,-0.273,-0.185,-0.184,-0.236,-0.207,-0.122,-0.137,-0.173,-0.131,-0.075,-0.102,-0.097,-0.147,-0.145,-0.235,-0.279,-0.24,-0.348,-0.367,-0.4,-0.397,-0.404,-0.344,-0.338,-0.329,-0.3,-0.238,-0.153,-0.26,-0.241,-0.111,-0.068,-0.176,-0.116,0.003,-0.006,-0.086,-0.006,0.074,0.022,-0.018,0.052,0.119,0.181,0.195,0.184,0.112,0.088,0.123,0.064,0.029,0.107,0.102,0.024,0.043,0.123,0.065,-0.009,0.075,0.111,0.015,-0.025,0.099,0.144,0.205
-0.255,-0.225,-0.22,-0.168,-0.154,-0.145,-0.076,0.024,0.133,0.138,0.243,0.307,0.405,0.458,0.476,0.526,0.51,0.58,0.643,0.67,0.732,0.768,0.866,0.907,0.952,0.963,1,0.962,0.941,0.878,0.802,0.793,0.716,0.639,0.658,0.582,0.514,0.386,0.235,0.152,0.214,0.112,0.197,-0.042,-0.024,-0.043,-0.254,-0.408,-0.455,-0.504,-0.553,-0.53,-0.553,-0.561,-0.527,-0.555,-0.53,-0.462,-0.463,-0.467,-0.37,-0.276,-0.273,-0.202,-0.193,-0.233,-0.271,-0.28,-0.289,-0.271,-0.239,-0.209,-0.201,-0.248,-0.231,-0.256,-0.166,-0.159,-0.257,-0.273,-0.264,-0.304,-0.338,-0.371,-0.401,-0.414,-0.399,-0.315,-0.312,-0.369,-0.335,-0.241,-0.246,-0.26,-0.211,-0.137,-0.148,-0.129,-0.161,-0.142,-0.211,-0.222,-0.172,-0.278,-0.279,-0.313,-0.309,-0.303,-0.242,-0.241,-0.236,-0.192,-0.128,-0.055,-0.153,-0.141,-0.025,0.007,-0.091,-0.039,0.06,0.044,-0.024,0.045,0.105,0.055,0.026,0.084,0.133,0.194,0.213,0.204,0.144,0.127,0.158,0.114,0.086,0.149,0.148,0.088,0.105,0.169,0.125,0.067,0.137,0.165,0.09,0.058,0.156,0.186,0.225
-0.292,-0.268,-0.255,-0.213,-0.214,-0.202,-0.13,-0.033,0.069,0.064,0.163,0.241,0.354,0.417,0.465,0.54,0.534,0.587,0.638,0.659,0.698,0.723,0.816,0.845,0.878,0.903,0.962,1,0.986,0.939,0.897,0.878,0.806,0.736,0.727,0.644,0.578,0.482,0.346,0.269,0.34,0.229,0.27,-0.001,-0.011,-0.017,-0.231,-0.408,-0.439,-0.486,-0.539,-0.521,-0.549,-0.547,-0.52,-0.549,-0.536,-0.482,-0.482,-0.487,-0.408,-0.323,-0.312,-0.242,-0.232,-0.268,-0.285,-0.291,-0.31,-0.307,-0.286,-0.263,-0.268,-0.313,-0.293,-0.319,-0.232,-0.228,-0.321,-0.332,-0.318,-0.346,-0.369,-0.392,-0.397,-0.404,-0.38,-0.307,-0.312,-0.384,-0.373,-0.29,-0.308,-0.328,-0.28,-0.204,-0.215,-0.193,-0.214,-0.181,-0.229,-0.216,-0.155,-0.242,-0.202,-0.212,-0.191,-0.188,-0.111,-0.116,-0.133,-0.085,-0.008,0.042,-0.052,-0.037,0.054,0.056,-0.027,0.026,0.091,0.053,0.009,0.07,0.094,0.04,0.034,0.084,0.104,0.162,0.191,0.191,0.149,0.14,0.17,0.15,0.128,0.167,0.179,0.145,0.151,0.196,0.18,0.143,0.186,0.21,0.17,0.147,0.208,0.207,0.221
-0.334,-0.308,-0.293,-0.249,-0.254,-0.245,-0.175,-0.08,0.022,0.016,0.117,0.196,0.31,0.383,0.44,0.521,0.521,0.575,0.625,0.631,0.667,0.689,0.773,0.795,0.838,0.872,0.941,0.986,1,0.966,0.923,0.909,0.829,0.755,0.747,0.657,0.585,0.49,0.351,0.273,0.353,0.238,0.28,0.006,0.009,-0.009,-0.24,-0.41,-0.447,-0.49,-0.535,-0.517,-0.536,-0.537,-0.511,-0.533,-0.515,-0.465,-0.467,-0.464,-0.386,-0.305,-0.29,-0.219,-0.211,-0.247,-0.253,-0.258,-0.286,-0.289,-0.275,-0.257,-0.269,-0.315,-0.296,-0.327,-0.246,-0.246,-0.339,-0.35,-0.335,-0.361,-0.387,-0.417,-0.422,-0.431,-0.408,-0.338,-0.348,-0.42,-0.404,-0.323,-0.344,-0.357,-0.31,-0.229,-0.232,-0.203,-0.218,-0.183,-0.221,-0.203,-0.144,-0.22,-0.161,-0.165,-0.139,-0.138,-0.049,-0.053,-0.078,-0.027,0.049,0.09,0.005,0.016,0.095,0.091,0.016,0.064,0.115,0.075,0.039,0.092,0.104,0.053,0.053,0.094,0.105,0.159,0.19,0.191,0.157,0.153,0.18,0.168,0.151,0.181,0.195,0.171,0.175,0.211,0.202,0.176,0.209,0.229,0.201,0.183,0.227,0.219,0.219
-0.429,-0.4,-0.38,-0.34,-0.357,-0.352,-0.278,-0.187,-0.085,-0.09,0.018,0.116,0.249,0.351,0.437,0.536,0.555,0.604,0.656,0.662,0.685,0.705,0.757,0.727,0.738,0.763,0.878,0.939,0.966,1,0.974,0.964,0.917,0.846,0.836,0.764,0.687,0.606,0.47,0.382,0.463,0.312,0.319,-0.008,-0.027,-0.028,-0.291,-0.468,-0.507,-0.549,-0.586,-0.567,-0.574,-0.571,-0.545,-0.555,-0.542,-0.508,-0.499,-0.485,-0.421,-0.338,-0.303,-0.219,-0.207,-0.238,-0.218,-0.216,-0.263,-0.289,-0.292,-0.284,-0.314,-0.35,-0.314,-0.358,-0.27,-0.292,-0.402,-0.418,-0.407,-0.417,-0.44,-0.492,-0.49,-0.503,-0.497,-0.449,-0.457,-0.526,-0.517,-0.431,-0.444,-0.444,-0.391,-0.295,-0.291,-0.243,-0.237,-0.179,-0.186,-0.133,-0.057,-0.121,-0.035,-0.031,0.001,0.014,0.103,0.093,0.06,0.128,0.204,0.228,0.162,0.167,0.216,0.196,0.145,0.179,0.194,0.147,0.135,0.166,0.146,0.104,0.12,0.14,0.122,0.167,0.202,0.206,0.196,0.202,0.219,0.231,0.227,0.23,0.249,0.253,0.253,0.261,0.275,0.274,0.28,0.287,0.293,0.287,0.288,0.257,0.225
-0.401,-0.378,-0.353,-0.319,-0.344,-0.337,-0.261,-0.172,-0.077,-0.092,0.009,0.107,0.243,0.344,0.441,0.544,0.566,0.604,0.644,0.644,0.651,0.657,0.698,0.66,0.661,0.687,0.802,0.897,0.923,0.974,1,0.989,0.955,0.909,0.879,0.807,0.742,0.69,0.572,0.491,0.569,0.415,0.385,0.039,-0.011,-0.006,-0.261,-0.463,-0.482,-0.525,-0.573,-0.556,-0.571,-0.555,-0.534,-0.555,-0.557,-0.534,-0.529,-0.525,-0.48,-0.41,-0.374,-0.298,-0.287,-0.314,-0.277,-0.273,-0.329,-0.361,-0.368,-0.364,-0.398,-0.435,-0.397,-0.433,-0.347,-0.368,-0.466,-0.469,-0.45,-0.446,-0.453,-0.492,-0.468,-0.474,-0.456,-0.414,-0.425,-0.513,-0.532,-0.462,-0.485,-0.503,-0.452,-0.364,-0.371,-0.328,-0.32,-0.255,-0.252,-0.18,-0.095,-0.141,-0.03,0.002,0.053,0.065,0.166,0.142,0.093,0.175,0.276,0.297,0.226,0.244,0.286,0.244,0.201,0.243,0.239,0.175,0.181,0.211,0.166,0.119,0.156,0.171,0.133,0.174,0.215,0.226,0.231,0.241,0.256,0.284,0.282,0.268,0.295,0.315,0.304,0.3,0.332,0.34,0.324,0.332,0.358,0.348,0.323,0.271,0.229
-0.411,-0.386,-0.364,-0.327,-0.349,-0.343,-0.27,-0.181,-0.084,-0.095,0.006,0.103,0.234,0.336,0.431,0.531,0.55,0.59,0.636,0.632,0.643,0.656,0.693,0.654,0.656,0.679,0.793,0.878,0.909,0.964,0.989,1,0.97,0.925,0.907,0.836,0.771,0.71,0.585,0.5,0.578,0.418,0.393,0.04,-0.005,-0.001,-0.268,-0.467,-0.494,-0.539,-0.584,-0.564,-0.576,-0.563,-0.54,-0.56,-0.558,-0.532,-0.528,-0.521,-0.472,-0.398,-0.36,-0.283,-0.274,-0.304,-0.266,-0.264,-0.322,-0.356,-0.363,-0.358,-0.392,-0.431,-0.392,-0.429,-0.342,-0.366,-0.467,-0.47,-0.452,-0.451,-0.46,-0.504,-0.483,-0.49,-0.474,-0.432,-0.445,-0.531,-0.547,-0.475,-0.494,-0.51,-0.457,-0.367,-0.374,-0.329,-0.32,-0.256,-0.252,-0.181,-0.092,-0.137,-0.029,-0.003,0.045,0.06,0.159,0.136,0.093,0.178,0.277,0.301,0.231,0.246,0.29,0.253,0.209,0.249,0.247,0.187,0.19,0.219,0.178,0.132,0.165,0.18,0.143,0.184,0.225,0.234,0.239,0.248,0.263,0.289,0.286,0.276,0.3,0.318,0.31,0.306,0.335,0.343,0.33,0.336,0.36,0.351,0.327,0.278,0.235
-0.381,-0.352,-0.33,-0.298,-0.327,-0.329,-0.26,-0.176,-0.08,-0.095,0.008,0.119,0.258,0.363,0.469,0.564,0.575,0.602,0.65,0.66,0.653,0.668,0.675,0.598,0.576,0.585,0.716,0.806,0.829,0.917,0.955,0.97,1,0.976,0.955,0.921,0.86,0.816,0.702,0.606,0.672,0.473,0.411,-0.005,-0.082,-0.049,-0.335,-0.551,-0.57,-0.616,-0.664,-0.644,-0.657,-0.634,-0.613,-0.635,-0.644,-0.627,-0.618,-0.611,-0.571,-0.493,-0.447,-0.365,-0.351,-0.371,-0.316,-0.302,-0.368,-0.411,-0.426,-0.427,-0.463,-0.492,-0.438,-0.473,-0.377,-0.411,-0.517,-0.516,-0.501,-0.492,-0.494,-0.547,-0.524,-0.528,-0.516,-0.487,-0.485,-0.573,-0.61,-0.539,-0.554,-0.58,-0.524,-0.436,-0.452,-0.404,-0.389,-0.319,-0.302,-0.209,-0.107,-0.137,-0.028,-0.002,0.051,0.083,0.183,0.153,0.115,0.233,0.354,0.393,0.316,0.341,0.391,0.35,0.31,0.352,0.345,0.279,0.291,0.317,0.264,0.219,0.262,0.271,0.22,0.256,0.297,0.309,0.326,0.339,0.349,0.382,0.383,0.363,0.389,0.413,0.403,0.388,0.424,0.434,0.41,0.412,0.443,0.426,0.387,0.329,0.285
-0.323,-0.302,-0.273,-0.254,-0.284,-0.272,-0.207,-0.123,-0.039,-0.067,0.019,0.119,0.252,0.338,0.434,0.526,0.526,0.545,0.594,0.611,0.6,0.615,0.62,0.535,0.508,0.518,0.639,0.736,0.755,0.846,0.909,0.925,0.976,1,0.979,0.95,0.922,0.898,0.807,0.725,0.769,0.579,0.481,0.056,-0.071,-0.018,-0.277,-0.51,-0.517,-0.57,-0.627,-0.604,-0.627,-0.591,-0.573,-0.611,-0.634,-0.625,-0.624,-0.631,-0.607,-0.545,-0.502,-0.436,-0.425,-0.443,-0.377,-0.357,-0.425,-0.47,-0.485,-0.488,-0.522,-0.552,-0.497,-0.52,-0.428,-0.459,-0.548,-0.534,-0.512,-0.497,-0.486,-0.522,-0.489,-0.483,-0.46,-0.431,-0.426,-0.524,-0.582,-0.528,-0.547,-0.594,-0.543,-0.471,-0.5,-0.465,-0.456,-0.387,-0.37,-0.27,-0.16,-0.178,-0.063,-0.025,0.035,0.07,0.169,0.134,0.101,0.227,0.368,0.411,0.32,0.356,0.412,0.36,0.315,0.37,0.361,0.281,0.298,0.332,0.27,0.218,0.27,0.284,0.225,0.263,0.307,0.326,0.348,0.361,0.374,0.411,0.409,0.386,0.418,0.444,0.428,0.414,0.456,0.465,0.434,0.442,0.478,0.455,0.41,0.342,0.301
-0.354,-0.33,-0.305,-0.282,-0.305,-0.294,-0.229,-0.14,-0.05,-0.079,0.014,0.115,0.251,0.341,0.433,0.524,0.522,0.553,0.612,0.627,0.626,0.65,0.653,0.566,0.538,0.539,0.658,0.727,0.747,0.836,0.879,0.907,0.955,0.979,1,0.979,0.956,0.898,0.785,0.7,0.738,0.557,0.493,0.077,-0.042,0.001,-0.271,-0.499,-0.522,-0.578,-0.632,-0.603,-0.624,-0.595,-0.572,-0.61,-0.626,-0.606,-0.604,-0.612,-0.576,-0.505,-0.46,-0.392,-0.383,-0.407,-0.35,-0.331,-0.397,-0.439,-0.452,-0.452,-0.484,-0.514,-0.455,-0.479,-0.384,-0.422,-0.519,-0.512,-0.498,-0.494,-0.489,-0.533,-0.515,-0.509,-0.489,-0.456,-0.447,-0.538,-0.579,-0.512,-0.519,-0.561,-0.503,-0.428,-0.461,-0.423,-0.418,-0.354,-0.343,-0.257,-0.147,-0.175,-0.069,-0.047,0.002,0.033,0.129,0.104,0.078,0.197,0.33,0.375,0.293,0.328,0.384,0.34,0.299,0.349,0.345,0.277,0.291,0.321,0.268,0.223,0.268,0.276,0.225,0.259,0.299,0.313,0.334,0.345,0.356,0.387,0.386,0.366,0.392,0.414,0.4,0.387,0.422,0.427,0.399,0.406,0.435,0.41,0.37,0.311,0.274
-0.322,-0.293,-0.272,-0.251,-0.279,-0.278,-0.22,-0.139,-0.051,-0.081,0.015,0.127,0.266,0.36,0.459,0.543,0.535,0.556,0.616,0.64,0.626,0.651,0.627,0.516,0.469,0.455,0.582,0.644,0.657,0.764,0.807,0.836,0.921,0.95,0.979,1,0.977,0.923,0.817,0.72,0.744,0.54,0.464,0.022,-0.109,-0.049,-0.327,-0.554,-0.572,-0.625,-0.677,-0.65,-0.668,-0.638,-0.616,-0.65,-0.671,-0.656,-0.647,-0.652,-0.621,-0.542,-0.494,-0.422,-0.409,-0.425,-0.361,-0.335,-0.401,-0.447,-0.464,-0.468,-0.498,-0.518,-0.45,-0.473,-0.373,-0.418,-0.521,-0.516,-0.509,-0.503,-0.495,-0.549,-0.535,-0.529,-0.517,-0.494,-0.475,-0.558,-0.607,-0.537,-0.535,-0.579,-0.518,-0.443,-0.482,-0.44,-0.431,-0.369,-0.351,-0.257,-0.143,-0.161,-0.064,-0.051,-0.005,0.037,0.13,0.105,0.086,0.221,0.362,0.419,0.34,0.383,0.439,0.398,0.365,0.413,0.404,0.34,0.362,0.385,0.327,0.29,0.337,0.338,0.279,0.305,0.341,0.354,0.385,0.398,0.402,0.436,0.438,0.411,0.435,0.46,0.445,0.422,0.459,0.466,0.429,0.431,0.463,0.432,0.38,0.32,0.286
-0.293,-0.272,-0.244,-0.233,-0.259,-0.242,-0.187,-0.106,-0.031,-0.074,0.008,0.108,0.243,0.316,0.402,0.489,0.477,0.491,0.555,0.587,0.572,0.602,0.58,0.464,0.412,0.399,0.514,0.578,0.585,0.687,0.742,0.771,0.86,0.922,0.956,0.977,1,0.961,0.879,0.81,0.81,0.64,0.548,0.126,-0.05,0.03,-0.216,-0.454,-0.469,-0.529,-0.589,-0.556,-0.584,-0.544,-0.523,-0.572,-0.609,-0.598,-0.594,-0.617,-0.604,-0.547,-0.504,-0.449,-0.439,-0.457,-0.394,-0.365,-0.429,-0.473,-0.489,-0.492,-0.52,-0.542,-0.476,-0.491,-0.401,-0.446,-0.535,-0.525,-0.516,-0.507,-0.492,-0.521,-0.494,-0.476,-0.449,-0.425,-0.402,-0.493,-0.55,-0.498,-0.496,-0.552,-0.497,-0.438,-0.484,-0.457,-0.456,-0.399,-0.385,-0.296,-0.186,-0.198,-0.094,-0.071,-0.022,0.017,0.109,0.08,0.06,0.193,0.348,0.402,0.316,0.371,0.425,0.37,0.339,0.398,0.383,0.307,0.338,0.366,0.3,0.258,0.315,0.318,0.252,0.278,0.316,0.335,0.37,0.383,0.39,0.429,0.428,0.396,0.425,0.453,0.43,0.407,0.452,0.457,0.411,0.42,0.458,0.422,0.363,0.292,0.263
-0.243,-0.229,-0.193,-0.197,-0.232,-0.21,-0.159,-0.095,-0.041,-0.083,-0.015,0.085,0.211,0.274,0.363,0.448,0.43,0.419,0.47,0.507,0.468,0.487,0.458,0.332,0.274,0.269,0.386,0.482,0.49,0.606,0.69,0.71,0.816,0.898,0.898,0.923,0.961,1,0.973,0.925,0.924,0.759,0.608,0.183,-0.033,0.089,-0.138,-0.389,-0.388,-0.448,-0.514,-0.486,-0.521,-0.469,-0.459,-0.513,-0.57,-0.583,-0.58,-0.609,-0.63,-0.603,-0.561,-0.521,-0.511,-0.52,-0.441,-0.41,-0.476,-0.531,-0.558,-0.572,-0.607,-0.619,-0.557,-0.569,-0.497,-0.545,-0.611,-0.592,-0.581,-0.557,-0.523,-0.524,-0.462,-0.436,-0.395,-0.383,-0.362,-0.462,-0.545,-0.526,-0.537,-0.599,-0.562,-0.521,-0.56,-0.542,-0.529,-0.469,-0.432,-0.315,-0.204,-0.178,-0.057,-0.007,0.06,0.109,0.2,0.152,0.125,0.275,0.444,0.491,0.404,0.462,0.506,0.432,0.409,0.47,0.435,0.343,0.388,0.414,0.324,0.277,0.353,0.352,0.267,0.286,0.329,0.356,0.406,0.424,0.429,0.484,0.486,0.439,0.475,0.521,0.491,0.454,0.517,0.534,0.47,0.477,0.537,0.503,0.419,0.329,0.289
-0.178,-0.171,-0.13,-0.146,-0.185,-0.158,-0.114,-0.068,-0.035,-0.076,-0.027,0.063,0.174,0.218,0.298,0.376,0.352,0.322,0.363,0.407,0.352,0.364,0.329,0.199,0.132,0.129,0.235,0.346,0.351,0.47,0.572,0.585,0.702,0.807,0.785,0.817,0.879,0.973,1,0.979,0.955,0.808,0.616,0.219,-0.034,0.113,-0.069,-0.309,-0.293,-0.351,-0.415,-0.392,-0.428,-0.368,-0.365,-0.421,-0.493,-0.525,-0.524,-0.559,-0.609,-0.611,-0.573,-0.551,-0.542,-0.543,-0.455,-0.423,-0.489,-0.547,-0.58,-0.6,-0.636,-0.641,-0.586,-0.592,-0.541,-0.587,-0.63,-0.605,-0.59,-0.556,-0.509,-0.488,-0.403,-0.371,-0.32,-0.319,-0.298,-0.398,-0.497,-0.509,-0.526,-0.592,-0.571,-0.55,-0.584,-0.576,-0.557,-0.501,-0.45,-0.321,-0.217,-0.166,-0.044,0.021,0.096,0.153,0.235,0.175,0.147,0.307,0.484,0.526,0.437,0.5,0.537,0.452,0.434,0.497,0.452,0.35,0.403,0.429,0.326,0.277,0.363,0.362,0.265,0.279,0.324,0.357,0.415,0.436,0.441,0.504,0.508,0.452,0.493,0.547,0.512,0.469,0.542,0.565,0.49,0.498,0.569,0.537,0.44,0.338,0.295
-0.175,-0.179,-0.136,-0.161,-0.197,-0.16,-0.121,-0.082,-0.065,-0.113,-0.081,-0.005,0.094,0.123,0.196,0.276,0.254,0.219,0.258,0.301,0.247,0.263,0.239,0.12,0.058,0.064,0.152,0.269,0.273,0.382,0.491,0.5,0.606,0.725,0.7,0.72,0.81,0.925,0.979,1,0.97,0.885,0.698,0.356,0.082,0.225,0.072,-0.167,-0.15,-0.208,-0.274,-0.252,-0.293,-0.234,-0.237,-0.294,-0.373,-0.414,-0.416,-0.458,-0.527,-0.553,-0.521,-0.516,-0.511,-0.514,-0.428,-0.397,-0.458,-0.515,-0.55,-0.571,-0.61,-0.613,-0.567,-0.567,-0.535,-0.58,-0.603,-0.574,-0.557,-0.523,-0.471,-0.425,-0.327,-0.286,-0.225,-0.228,-0.207,-0.305,-0.406,-0.435,-0.458,-0.528,-0.518,-0.511,-0.544,-0.545,-0.527,-0.475,-0.421,-0.299,-0.205,-0.142,-0.012,0.064,0.14,0.188,0.266,0.204,0.17,0.31,0.479,0.499,0.422,0.485,0.501,0.401,0.395,0.457,0.394,0.286,0.352,0.372,0.257,0.21,0.305,0.299,0.193,0.203,0.249,0.286,0.351,0.374,0.379,0.451,0.455,0.39,0.436,0.5,0.458,0.409,0.493,0.525,0.438,0.447,0.534,0.508,0.396,0.284,0.235
-0.21,-0.218,-0.18,-0.204,-0.238,-0.202,-0.161,-0.119,-0.099,-0.146,-0.109,-0.03,0.072,0.114,0.2,0.284,0.264,0.232,0.269,0.298,0.245,0.259,0.244,0.139,0.098,0.118,0.214,0.34,0.353,0.463,0.569,0.578,0.672,0.769,0.738,0.744,0.81,0.924,0.955,0.97,1,0.919,0.751,0.406,0.176,0.32,0.12,-0.142,-0.132,-0.192,-0.265,-0.245,-0.292,-0.241,-0.248,-0.304,-0.377,-0.414,-0.417,-0.455,-0.515,-0.534,-0.502,-0.496,-0.49,-0.493,-0.413,-0.384,-0.439,-0.498,-0.537,-0.561,-0.602,-0.602,-0.556,-0.557,-0.526,-0.571,-0.595,-0.569,-0.555,-0.528,-0.475,-0.425,-0.327,-0.287,-0.221,-0.221,-0.205,-0.306,-0.404,-0.425,-0.451,-0.521,-0.513,-0.504,-0.532,-0.529,-0.505,-0.451,-0.391,-0.269,-0.174,-0.103,0.038,0.124,0.203,0.239,0.319,0.261,0.218,0.337,0.487,0.491,0.433,0.486,0.483,0.381,0.387,0.438,0.364,0.261,0.332,0.342,0.222,0.182,0.275,0.262,0.156,0.163,0.209,0.243,0.309,0.334,0.335,0.411,0.42,0.348,0.394,0.465,0.423,0.368,0.455,0.496,0.405,0.409,0.504,0.487,0.367,0.255,0.195
