Dynami,c Cross,#NAME?,ation M,atrix f,or 151,selecte,d units,,,,,,,,,,,,,,,,,,,,,,,,,,,,,,,,,,,,,,,,,,,,,,,,,,,,,,,,,,,,,,,,,,,,,,,,,,,,,,,,,,,,,,,,,,,,,,,,,,,,,,,,,,,,,,,,,,,,,,,,,,,,,,,,,,,,,,,,,,,,,,,
1,0.982,0.94,0.882,0.819,0.791,0.672,0.576,0.509,0.555,0.469,0.445,0.392,0.327,0.295,0.256,0.197,0.17,0.088,0.052,0.008,-0.079,-0.081,-0.06,-0.037,-0.042,-0.136,-0.176,-0.223,-0.321,-0.351,-0.388,-0.385,-0.383,-0.377,-0.318,-0.321,-0.338,-0.319,-0.349,-0.398,-0.443,-0.468,-0.467,-0.414,-0.339,-0.255,-0.248,-0.179,-0.148,-0.164,-0.185,-0.219,-0.258,-0.313,-0.312,-0.234,-0.232,-0.25,-0.189,-0.128,-0.095,-0.075,0.015,0.025,0.153,0.265,0.279,0.162,0.122,0.125,0.154,0.144,0.114,0.098,0.098,0.091,0.111,0.105,0.064,0.01,0.046,0.029,0.017,0.031,0.056,-0.008,-0.046,-0.052,-0.031,0.017,0.008,-0.028,-0.02,-0.074,-0.097,-0.021,-0.089,-0.094,-0.197,-0.284,-0.369,-0.442,-0.477,-0.491,-0.428,-0.371,-0.399,-0.368,-0.442,-0.496,-0.449,-0.419,-0.318,-0.255,-0.151,-0.142,-0.089,0.012,0.027,0.043,0.127,0.164,0.147,0.186,0.248,0.235,0.214,0.244,0.202,0.135,0.114,0.129,0.086,0.024,-0.014,-0.023,-0.052,-0.117,-0.155,-0.183,-0.229,-0.268,-0.313,-0.378,-0.39,-0.403,-0.467,-0.508,-0.509,-0.441
0.982,1,0.978,0.935,0.874,0.847,0.735,0.635,0.567,0.614,0.524,0.498,0.445,0.374,0.338,0.301,0.237,0.213,0.128,0.099,0.061,-0.025,-0.022,0.002,0.026,0.018,-0.074,-0.116,-0.164,-0.267,-0.306,-0.361,-0.378,-0.386,-0.385,-0.339,-0.344,-0.366,-0.352,-0.38,-0.425,-0.469,-0.497,-0.485,-0.42,-0.336,-0.269,-0.258,-0.205,-0.186,-0.202,-0.229,-0.269,-0.297,-0.348,-0.352,-0.284,-0.286,-0.306,-0.247,-0.186,-0.147,-0.118,-0.01,0.017,0.15,0.26,0.267,0.144,0.099,0.095,0.12,0.107,0.067,0.054,0.06,0.045,0.058,0.056,0.021,-0.03,0.01,-0.011,-0.023,-0.003,0.028,-0.034,-0.076,-0.085,-0.067,-0.024,-0.03,-0.061,-0.052,-0.098,-0.115,-0.039,-0.106,-0.122,-0.234,-0.328,-0.421,-0.5,-0.538,-0.552,-0.493,-0.43,-0.452,-0.41,-0.49,-0.547,-0.486,-0.444,-0.329,-0.267,-0.15,-0.134,-0.079,0.027,0.048,0.067,0.153,0.194,0.179,0.219,0.282,0.272,0.251,0.279,0.234,0.162,0.141,0.16,0.116,0.05,0.01,-0.001,-0.032,-0.101,-0.143,-0.174,-0.222,-0.265,-0.317,-0.386,-0.397,-0.414,-0.487,-0.529,-0.531,-0.456
0.94,0.978,1,0.978,0.922,0.885,0.78,0.68,0.609,0.653,0.557,0.529,0.475,0.394,0.357,0.323,0.252,0.228,0.136,0.108,0.07,-0.014,-0.003,0.027,0.055,0.046,-0.045,-0.092,-0.136,-0.244,-0.29,-0.355,-0.387,-0.398,-0.394,-0.357,-0.358,-0.388,-0.377,-0.403,-0.449,-0.491,-0.52,-0.502,-0.43,-0.352,-0.301,-0.281,-0.241,-0.228,-0.24,-0.267,-0.302,-0.312,-0.35,-0.353,-0.296,-0.302,-0.32,-0.262,-0.207,-0.17,-0.141,-0.032,0,0.14,0.253,0.263,0.135,0.083,0.078,0.097,0.081,0.031,0.022,0.032,0.01,0.016,0.02,-0.007,-0.052,-0.009,-0.032,-0.045,-0.018,0.019,-0.034,-0.081,-0.096,-0.081,-0.055,-0.057,-0.083,-0.077,-0.108,-0.114,-0.043,-0.105,-0.134,-0.254,-0.356,-0.457,-0.542,-0.581,-0.598,-0.542,-0.477,-0.49,-0.44,-0.524,-0.577,-0.504,-0.458,-0.331,-0.268,-0.148,-0.125,-0.063,0.043,0.065,0.09,0.182,0.221,0.207,0.252,0.315,0.303,0.283,0.312,0.266,0.192,0.17,0.188,0.143,0.075,0.03,0.019,-0.01,-0.083,-0.132,-0.161,-0.208,-0.257,-0.315,-0.383,-0.395,-0.418,-0.496,-0.535,-0.531,-0.451
0.882,0.935,0.978,1,0.971,0.926,0.85,0.764,0.704,0.744,0.658,0.628,0.577,0.492,0.446,0.41,0.334,0.314,0.222,0.194,0.154,0.067,0.079,0.111,0.142,0.131,0.043,-0.015,-0.068,-0.184,-0.252,-0.337,-0.396,-0.423,-0.425,-0.405,-0.406,-0.443,-0.438,-0.462,-0.503,-0.537,-0.557,-0.525,-0.438,-0.351,-0.316,-0.29,-0.268,-0.275,-0.292,-0.322,-0.351,-0.346,-0.372,-0.372,-0.33,-0.345,-0.36,-0.306,-0.26,-0.227,-0.192,-0.065,-0.015,0.13,0.236,0.237,0.1,0.041,0.038,0.07,0.058,-0.003,-0.005,0.014,-0.018,-0.027,-0.025,-0.042,-0.08,-0.039,-0.065,-0.076,-0.044,0.001,-0.051,-0.096,-0.1,-0.08,-0.058,-0.062,-0.076,-0.073,-0.099,-0.11,-0.045,-0.122,-0.172,-0.299,-0.414,-0.517,-0.593,-0.645,-0.659,-0.611,-0.542,-0.552,-0.49,-0.574,-0.622,-0.543,-0.492,-0.356,-0.3,-0.178,-0.142,-0.073,0.027,0.053,0.09,0.185,0.219,0.21,0.263,0.323,0.309,0.293,0.326,0.283,0.208,0.186,0.199,0.152,0.085,0.033,0.018,-0.003,-0.08,-0.139,-0.166,-0.206,-0.263,-0.329,-0.389,-0.399,-0.433,-0.514,-0.543,-0.533,-0.441
0.819,0.874,0.922,0.971,1,0.967,0.926,0.859,0.812,0.835,0.763,0.737,0.695,0.611,0.558,0.526,0.442,0.423,0.337,0.312,0.27,0.182,0.196,0.228,0.263,0.247,0.156,0.082,0.016,-0.119,-0.209,-0.315,-0.402,-0.44,-0.446,-0.446,-0.445,-0.498,-0.501,-0.52,-0.561,-0.576,-0.58,-0.532,-0.43,-0.348,-0.333,-0.304,-0.312,-0.349,-0.364,-0.39,-0.404,-0.376,-0.384,-0.38,-0.35,-0.371,-0.379,-0.332,-0.295,-0.256,-0.204,-0.058,0.006,0.148,0.257,0.249,0.103,0.033,0.028,0.067,0.057,-0.019,-0.005,0.023,-0.018,-0.043,-0.041,-0.04,-0.075,-0.028,-0.057,-0.063,-0.026,0.02,-0.043,-0.088,-0.085,-0.06,-0.031,-0.029,-0.033,-0.031,-0.051,-0.065,-0.009,-0.098,-0.176,-0.308,-0.447,-0.557,-0.622,-0.699,-0.721,-0.692,-0.631,-0.639,-0.576,-0.652,-0.687,-0.615,-0.565,-0.424,-0.376,-0.257,-0.208,-0.124,-0.032,-0.005,0.05,0.156,0.18,0.177,0.246,0.309,0.287,0.275,0.321,0.278,0.201,0.174,0.175,0.123,0.056,-0.01,-0.029,-0.036,-0.12,-0.193,-0.214,-0.242,-0.313,-0.387,-0.432,-0.44,-0.487,-0.566,-0.58,-0.56,-0.449
0.791,0.847,0.885,0.926,0.967,1,0.972,0.919,0.866,0.872,0.792,0.749,0.713,0.618,0.547,0.521,0.42,0.408,0.335,0.328,0.305,0.233,0.265,0.301,0.345,0.332,0.24,0.176,0.112,-0.033,-0.113,-0.227,-0.32,-0.374,-0.408,-0.421,-0.431,-0.472,-0.473,-0.499,-0.536,-0.56,-0.577,-0.536,-0.434,-0.354,-0.335,-0.321,-0.33,-0.379,-0.395,-0.418,-0.43,-0.407,-0.414,-0.407,-0.376,-0.398,-0.406,-0.355,-0.308,-0.272,-0.221,-0.073,-0.007,0.129,0.242,0.233,0.091,0.021,0.027,0.073,0.065,-0.014,0.001,0.04,-0.004,-0.043,-0.039,-0.039,-0.078,-0.025,-0.056,-0.069,-0.033,-0.004,-0.085,-0.127,-0.132,-0.105,-0.055,-0.041,-0.043,-0.032,-0.06,-0.076,-0.015,-0.107,-0.194,-0.324,-0.474,-0.59,-0.64,-0.722,-0.738,-0.713,-0.652,-0.665,-0.591,-0.662,-0.7,-0.634,-0.571,-0.434,-0.398,-0.276,-0.221,-0.146,-0.061,-0.026,0.03,0.128,0.152,0.155,0.222,0.28,0.262,0.254,0.3,0.262,0.19,0.164,0.161,0.108,0.047,-0.019,-0.04,-0.046,-0.123,-0.196,-0.22,-0.244,-0.31,-0.385,-0.43,-0.433,-0.478,-0.559,-0.571,-0.558,-0.447
0.672,0.735,0.78,0.85,0.926,0.972,1,0.974,0.938,0.931,0.868,0.825,0.798,0.709,0.624,0.598,0.493,0.485,0.419,0.419,0.397,0.332,0.367,0.402,0.444,0.426,0.34,0.27,0.195,0.043,-0.051,-0.185,-0.299,-0.369,-0.418,-0.449,-0.46,-0.506,-0.511,-0.538,-0.57,-0.582,-0.584,-0.536,-0.427,-0.348,-0.351,-0.34,-0.367,-0.44,-0.464,-0.488,-0.495,-0.458,-0.449,-0.438,-0.428,-0.454,-0.449,-0.408,-0.374,-0.34,-0.284,-0.127,-0.044,0.088,0.19,0.179,0.047,-0.023,-0.012,0.043,0.042,-0.039,-0.008,0.04,-0.004,-0.063,-0.071,-0.058,-0.096,-0.046,-0.08,-0.093,-0.051,-0.026,-0.109,-0.148,-0.146,-0.114,-0.062,-0.039,-0.024,-0.013,-0.034,-0.052,0.001,-0.105,-0.215,-0.342,-0.508,-0.618,-0.65,-0.749,-0.766,-0.75,-0.69,-0.696,-0.618,-0.688,-0.717,-0.65,-0.584,-0.443,-0.419,-0.304,-0.234,-0.152,-0.081,-0.045,0.027,0.124,0.138,0.149,0.224,0.276,0.254,0.252,0.306,0.273,0.207,0.179,0.166,0.113,0.057,-0.016,-0.041,-0.034,-0.111,-0.195,-0.213,-0.223,-0.299,-0.382,-0.411,-0.41,-0.468,-0.549,-0.546,-0.523,-0.395
0.576,0.635,0.68,0.764,0.859,0.919,0.974,1,0.987,0.961,0.913,0.854,0.83,0.745,0.639,0.609,0.496,0.492,0.436,0.435,0.417,0.355,0.398,0.436,0.491,0.481,0.403,0.335,0.26,0.107,0.01,-0.131,-0.261,-0.349,-0.421,-0.467,-0.489,-0.526,-0.531,-0.561,-0.585,-0.595,-0.598,-0.546,-0.43,-0.343,-0.348,-0.343,-0.377,-0.461,-0.493,-0.512,-0.51,-0.471,-0.453,-0.441,-0.433,-0.457,-0.454,-0.418,-0.381,-0.359,-0.304,-0.143,-0.056,0.075,0.178,0.165,0.033,-0.046,-0.03,0.037,0.04,-0.047,-0.019,0.039,-0.007,-0.081,-0.096,-0.078,-0.113,-0.069,-0.106,-0.123,-0.081,-0.063,-0.144,-0.17,-0.166,-0.145,-0.092,-0.071,-0.052,-0.039,-0.065,-0.088,-0.035,-0.143,-0.261,-0.379,-0.541,-0.643,-0.656,-0.757,-0.763,-0.749,-0.683,-0.687,-0.6,-0.67,-0.698,-0.63,-0.554,-0.415,-0.405,-0.294,-0.216,-0.139,-0.083,-0.041,0.035,0.121,0.129,0.147,0.221,0.263,0.242,0.247,0.3,0.276,0.22,0.195,0.175,0.124,0.078,0.005,-0.022,-0.009,-0.08,-0.165,-0.182,-0.184,-0.259,-0.343,-0.365,-0.36,-0.422,-0.503,-0.494,-0.472,-0.341
0.509,0.567,0.609,0.704,0.812,0.866,0.938,0.987,1,0.977,0.951,0.897,0.874,0.8,0.692,0.657,0.549,0.548,0.496,0.491,0.471,0.405,0.442,0.474,0.523,0.511,0.443,0.37,0.288,0.141,0.033,-0.114,-0.254,-0.351,-0.427,-0.482,-0.506,-0.545,-0.55,-0.58,-0.599,-0.602,-0.598,-0.538,-0.417,-0.323,-0.336,-0.332,-0.378,-0.473,-0.507,-0.523,-0.514,-0.471,-0.446,-0.434,-0.433,-0.453,-0.447,-0.418,-0.385,-0.36,-0.3,-0.133,-0.04,0.087,0.178,0.156,0.027,-0.052,-0.035,0.042,0.047,-0.043,-0.011,0.05,0.002,-0.076,-0.097,-0.072,-0.104,-0.069,-0.108,-0.126,-0.089,-0.072,-0.153,-0.173,-0.164,-0.143,-0.086,-0.061,-0.036,-0.022,-0.047,-0.074,-0.026,-0.135,-0.256,-0.368,-0.529,-0.625,-0.631,-0.742,-0.749,-0.738,-0.676,-0.682,-0.602,-0.668,-0.692,-0.632,-0.56,-0.426,-0.419,-0.315,-0.234,-0.156,-0.104,-0.064,0.015,0.102,0.107,0.125,0.203,0.244,0.221,0.227,0.282,0.26,0.205,0.18,0.157,0.106,0.061,-0.013,-0.041,-0.024,-0.095,-0.182,-0.195,-0.193,-0.27,-0.353,-0.369,-0.364,-0.428,-0.504,-0.489,-0.466,-0.334
0.555,0.614,0.653,0.744,0.835,0.872,0.931,0.961,0.977,1,0.978,0.933,0.9,0.834,0.735,0.688,0.591,0.59,0.53,0.52,0.495,0.417,0.447,0.464,0.494,0.47,0.408,0.327,0.243,0.11,-0.005,-0.146,-0.278,-0.366,-0.421,-0.469,-0.488,-0.535,-0.542,-0.571,-0.598,-0.604,-0.595,-0.537,-0.419,-0.32,-0.345,-0.352,-0.405,-0.493,-0.525,-0.539,-0.532,-0.495,-0.468,-0.461,-0.46,-0.474,-0.464,-0.437,-0.405,-0.373,-0.305,-0.142,-0.048,0.077,0.158,0.132,0.005,-0.062,-0.046,0.028,0.035,-0.049,-0.015,0.04,0,-0.07,-0.091,-0.073,-0.116,-0.092,-0.134,-0.156,-0.118,-0.094,-0.168,-0.187,-0.172,-0.142,-0.072,-0.045,-0.021,-0.004,-0.036,-0.065,-0.01,-0.124,-0.234,-0.348,-0.509,-0.597,-0.618,-0.735,-0.765,-0.75,-0.693,-0.689,-0.631,-0.708,-0.729,-0.662,-0.596,-0.452,-0.434,-0.323,-0.242,-0.152,-0.09,-0.053,0.03,0.13,0.136,0.15,0.234,0.283,0.255,0.259,0.319,0.29,0.226,0.199,0.177,0.122,0.07,-0.011,-0.038,-0.022,-0.102,-0.195,-0.208,-0.211,-0.295,-0.383,-0.403,-0.401,-0.469,-0.549,-0.538,-0.508,-0.364
0.469,0.524,0.557,0.658,0.763,0.792,0.868,0.913,0.951,0.978,1,0.974,0.95,0.907,0.814,0.766,0.683,0.683,0.632,0.612,0.578,0.495,0.505,0.506,0.52,0.489,0.438,0.345,0.247,0.12,-0.013,-0.161,-0.301,-0.395,-0.442,-0.491,-0.507,-0.555,-0.563,-0.588,-0.61,-0.601,-0.572,-0.506,-0.389,-0.281,-0.314,-0.321,-0.386,-0.485,-0.519,-0.53,-0.519,-0.479,-0.447,-0.445,-0.456,-0.466,-0.448,-0.436,-0.415,-0.381,-0.307,-0.144,-0.043,0.072,0.13,0.089,-0.034,-0.097,-0.079,0.01,0.024,-0.054,-0.014,0.036,-0.002,-0.078,-0.109,-0.089,-0.134,-0.128,-0.171,-0.193,-0.165,-0.137,-0.204,-0.213,-0.182,-0.15,-0.071,-0.045,-0.007,0.014,-0.016,-0.049,0.002,-0.111,-0.22,-0.323,-0.478,-0.554,-0.57,-0.696,-0.724,-0.708,-0.653,-0.649,-0.602,-0.677,-0.696,-0.637,-0.58,-0.444,-0.427,-0.327,-0.247,-0.155,-0.098,-0.067,0.017,0.118,0.119,0.132,0.218,0.265,0.236,0.24,0.301,0.273,0.211,0.184,0.159,0.106,0.057,-0.024,-0.051,-0.031,-0.11,-0.203,-0.21,-0.21,-0.295,-0.38,-0.391,-0.391,-0.46,-0.532,-0.516,-0.482,-0.342
0.445,0.498,0.529,0.628,0.737,0.749,0.825,0.854,0.897,0.933,0.974,1,0.987,0.958,0.905,0.863,0.792,0.782,0.723,0.695,0.642,0.55,0.537,0.527,0.518,0.469,0.415,0.303,0.184,0.057,-0.091,-0.242,-0.378,-0.456,-0.474,-0.511,-0.511,-0.57,-0.58,-0.594,-0.621,-0.588,-0.537,-0.46,-0.345,-0.248,-0.298,-0.3,-0.384,-0.489,-0.514,-0.53,-0.518,-0.47,-0.443,-0.442,-0.462,-0.476,-0.447,-0.436,-0.43,-0.381,-0.303,-0.131,-0.022,0.096,0.135,0.08,-0.041,-0.105,-0.094,-0.005,0.008,-0.069,-0.02,0.021,-0.014,-0.08,-0.115,-0.083,-0.129,-0.121,-0.154,-0.163,-0.135,-0.096,-0.159,-0.173,-0.139,-0.1,-0.024,0.002,0.048,0.063,0.043,0.009,0.049,-0.062,-0.17,-0.27,-0.42,-0.494,-0.519,-0.647,-0.689,-0.672,-0.625,-0.622,-0.598,-0.671,-0.685,-0.632,-0.595,-0.464,-0.431,-0.341,-0.27,-0.166,-0.101,-0.084,0,0.115,0.116,0.118,0.209,0.268,0.232,0.229,0.295,0.26,0.192,0.159,0.134,0.08,0.024,-0.06,-0.081,-0.061,-0.149,-0.241,-0.243,-0.246,-0.337,-0.415,-0.422,-0.429,-0.498,-0.562,-0.545,-0.504,-0.367
0.392,0.445,0.475,0.577,0.695,0.713,0.798,0.83,0.874,0.9,0.95,0.987,1,0.977,0.93,0.907,0.835,0.824,0.773,0.751,0.695,0.607,0.589,0.576,0.564,0.508,0.457,0.337,0.214,0.082,-0.077,-0.235,-0.378,-0.461,-0.473,-0.513,-0.51,-0.573,-0.587,-0.597,-0.62,-0.576,-0.512,-0.432,-0.32,-0.228,-0.284,-0.28,-0.379,-0.498,-0.519,-0.538,-0.523,-0.469,-0.441,-0.438,-0.465,-0.483,-0.449,-0.44,-0.441,-0.388,-0.305,-0.13,-0.019,0.094,0.129,0.066,-0.055,-0.125,-0.116,-0.027,-0.013,-0.093,-0.041,0,-0.038,-0.105,-0.139,-0.099,-0.142,-0.13,-0.16,-0.164,-0.135,-0.094,-0.157,-0.17,-0.132,-0.091,-0.015,0.013,0.066,0.079,0.065,0.031,0.064,-0.045,-0.159,-0.257,-0.41,-0.486,-0.514,-0.642,-0.685,-0.672,-0.626,-0.621,-0.598,-0.671,-0.685,-0.632,-0.596,-0.465,-0.43,-0.34,-0.272,-0.166,-0.099,-0.084,-0.001,0.116,0.117,0.118,0.21,0.271,0.235,0.23,0.295,0.259,0.191,0.156,0.13,0.077,0.02,-0.065,-0.085,-0.065,-0.154,-0.246,-0.246,-0.251,-0.342,-0.419,-0.425,-0.433,-0.502,-0.564,-0.547,-0.504,-0.37
0.327,0.374,0.394,0.492,0.611,0.618,0.709,0.745,0.8,0.834,0.907,0.958,0.977,1,0.969,0.94,0.898,0.887,0.844,0.811,0.742,0.65,0.611,0.585,0.555,0.492,0.45,0.328,0.195,0.074,-0.093,-0.251,-0.396,-0.477,-0.482,-0.52,-0.516,-0.58,-0.593,-0.598,-0.616,-0.558,-0.481,-0.396,-0.288,-0.189,-0.252,-0.249,-0.352,-0.473,-0.5,-0.519,-0.508,-0.455,-0.428,-0.432,-0.468,-0.48,-0.443,-0.449,-0.458,-0.404,-0.317,-0.145,-0.026,0.079,0.093,0.02,-0.081,-0.145,-0.143,-0.058,-0.043,-0.11,-0.053,-0.021,-0.053,-0.115,-0.156,-0.117,-0.162,-0.165,-0.193,-0.193,-0.168,-0.117,-0.167,-0.173,-0.121,-0.08,-0.009,0.01,0.069,0.081,0.066,0.027,0.054,-0.053,-0.157,-0.243,-0.382,-0.437,-0.461,-0.585,-0.628,-0.609,-0.561,-0.554,-0.543,-0.618,-0.631,-0.581,-0.551,-0.427,-0.391,-0.31,-0.247,-0.145,-0.082,-0.071,0.007,0.118,0.118,0.118,0.203,0.262,0.228,0.223,0.283,0.249,0.183,0.151,0.127,0.078,0.024,-0.054,-0.073,-0.054,-0.139,-0.225,-0.224,-0.228,-0.315,-0.387,-0.391,-0.399,-0.466,-0.523,-0.506,-0.464,-0.336
0.295,0.338,0.357,0.446,0.558,0.547,0.624,0.639,0.692,0.735,0.814,0.905,0.93,0.969,1,0.985,0.967,0.947,0.899,0.858,0.774,0.676,0.62,0.591,0.54,0.464,0.422,0.289,0.147,0.029,-0.145,-0.3,-0.438,-0.5,-0.478,-0.51,-0.49,-0.565,-0.582,-0.574,-0.592,-0.513,-0.42,-0.327,-0.219,-0.138,-0.215,-0.203,-0.325,-0.446,-0.457,-0.48,-0.467,-0.403,-0.381,-0.386,-0.426,-0.445,-0.403,-0.408,-0.432,-0.362,-0.272,-0.098,0.026,0.126,0.12,0.038,-0.054,-0.111,-0.122,-0.051,-0.042,-0.108,-0.044,-0.022,-0.054,-0.094,-0.131,-0.079,-0.116,-0.117,-0.136,-0.123,-0.1,-0.036,-0.079,-0.093,-0.039,0.008,0.067,0.082,0.142,0.146,0.141,0.102,0.113,0.015,-0.085,-0.168,-0.299,-0.354,-0.386,-0.506,-0.562,-0.549,-0.516,-0.514,-0.525,-0.587,-0.594,-0.56,-0.554,-0.447,-0.399,-0.333,-0.284,-0.178,-0.11,-0.113,-0.041,0.079,0.079,0.069,0.156,0.224,0.185,0.173,0.236,0.197,0.127,0.091,0.067,0.02,-0.038,-0.115,-0.128,-0.111,-0.197,-0.278,-0.271,-0.278,-0.363,-0.425,-0.423,-0.436,-0.497,-0.539,-0.52,-0.475,-0.364
0.256,0.301,0.323,0.41,0.526,0.521,0.598,0.609,0.657,0.688,0.766,0.863,0.907,0.94,0.985,1,0.978,0.956,0.916,0.886,0.802,0.712,0.657,0.63,0.579,0.5,0.458,0.32,0.178,0.054,-0.125,-0.285,-0.429,-0.492,-0.466,-0.501,-0.477,-0.556,-0.578,-0.564,-0.579,-0.49,-0.391,-0.295,-0.189,-0.119,-0.2,-0.179,-0.314,-0.445,-0.448,-0.475,-0.458,-0.387,-0.363,-0.365,-0.409,-0.434,-0.39,-0.394,-0.422,-0.346,-0.254,-0.079,0.044,0.14,0.13,0.044,-0.049,-0.112,-0.126,-0.059,-0.052,-0.123,-0.058,-0.038,-0.074,-0.111,-0.139,-0.078,-0.107,-0.099,-0.113,-0.094,-0.07,-0.007,-0.049,-0.064,-0.013,0.034,0.086,0.103,0.165,0.165,0.169,0.134,0.136,0.044,-0.061,-0.145,-0.278,-0.342,-0.38,-0.496,-0.552,-0.545,-0.517,-0.517,-0.526,-0.583,-0.59,-0.559,-0.556,-0.454,-0.403,-0.34,-0.295,-0.189,-0.119,-0.124,-0.055,0.068,0.069,0.056,0.142,0.214,0.175,0.16,0.223,0.183,0.112,0.074,0.049,0.003,-0.057,-0.133,-0.145,-0.128,-0.215,-0.294,-0.286,-0.294,-0.378,-0.436,-0.433,-0.448,-0.506,-0.545,-0.526,-0.48,-0.377
0.197,0.237,0.252,0.334,0.442,0.42,0.493,0.496,0.549,0.591,0.683,0.792,0.835,0.898,0.967,0.978,1,0.984,0.951,0.907,0.817,0.724,0.65,0.611,0.541,0.458,0.43,0.296,0.155,0.051,-0.131,-0.279,-0.419,-0.476,-0.437,-0.471,-0.444,-0.526,-0.552,-0.532,-0.539,-0.441,-0.332,-0.233,-0.135,-0.066,-0.153,-0.128,-0.266,-0.391,-0.388,-0.418,-0.403,-0.332,-0.309,-0.315,-0.365,-0.386,-0.342,-0.359,-0.397,-0.317,-0.222,-0.055,0.073,0.153,0.118,0.029,-0.037,-0.081,-0.103,-0.051,-0.046,-0.102,-0.033,-0.023,-0.056,-0.081,-0.111,-0.054,-0.083,-0.096,-0.112,-0.09,-0.073,0,-0.032,-0.047,0.022,0.077,0.127,0.137,0.203,0.203,0.208,0.17,0.166,0.078,-0.013,-0.086,-0.204,-0.253,-0.293,-0.405,-0.466,-0.464,-0.449,-0.449,-0.476,-0.521,-0.524,-0.508,-0.519,-0.437,-0.387,-0.337,-0.302,-0.204,-0.139,-0.15,-0.088,0.027,0.027,0.012,0.091,0.161,0.124,0.108,0.166,0.126,0.058,0.024,0.002,-0.04,-0.094,-0.162,-0.172,-0.157,-0.236,-0.306,-0.296,-0.303,-0.379,-0.427,-0.42,-0.434,-0.485,-0.511,-0.491,-0.448,-0.36
0.17,0.213,0.228,0.314,0.423,0.408,0.485,0.492,0.548,0.59,0.683,0.782,0.824,0.887,0.947,0.956,0.984,1,0.98,0.942,0.879,0.789,0.721,0.674,0.598,0.515,0.5,0.37,0.235,0.141,-0.04,-0.193,-0.337,-0.404,-0.379,-0.426,-0.409,-0.488,-0.519,-0.502,-0.499,-0.407,-0.31,-0.211,-0.111,-0.038,-0.131,-0.11,-0.259,-0.389,-0.382,-0.412,-0.399,-0.328,-0.302,-0.306,-0.355,-0.377,-0.342,-0.358,-0.39,-0.306,-0.207,-0.036,0.101,0.172,0.125,0.033,-0.022,-0.056,-0.072,-0.022,-0.019,-0.077,-0.004,0.011,-0.024,-0.054,-0.078,-0.024,-0.048,-0.07,-0.094,-0.084,-0.071,-0.007,-0.055,-0.078,-0.005,0.063,0.126,0.145,0.223,0.232,0.237,0.197,0.193,0.104,0.006,-0.064,-0.185,-0.24,-0.273,-0.395,-0.459,-0.472,-0.469,-0.475,-0.501,-0.53,-0.53,-0.53,-0.538,-0.468,-0.431,-0.383,-0.346,-0.257,-0.198,-0.203,-0.141,-0.032,-0.032,-0.043,0.037,0.104,0.067,0.055,0.113,0.075,0.008,-0.024,-0.047,-0.088,-0.138,-0.204,-0.217,-0.2,-0.273,-0.341,-0.334,-0.335,-0.405,-0.451,-0.442,-0.45,-0.497,-0.519,-0.495,-0.457,-0.376
0.088,0.128,0.136,0.222,0.337,0.335,0.419,0.436,0.496,0.53,0.632,0.723,0.773,0.844,0.899,0.916,0.951,0.98,1,0.975,0.927,0.858,0.788,0.733,0.651,0.568,0.569,0.443,0.309,0.223,0.037,-0.12,-0.274,-0.354,-0.34,-0.401,-0.388,-0.459,-0.492,-0.47,-0.451,-0.351,-0.252,-0.149,-0.051,0.031,-0.062,-0.047,-0.203,-0.344,-0.34,-0.369,-0.359,-0.288,-0.258,-0.262,-0.321,-0.342,-0.306,-0.332,-0.365,-0.283,-0.184,-0.018,0.119,0.174,0.109,0.005,-0.042,-0.074,-0.086,-0.026,-0.017,-0.075,-0.006,0.01,-0.027,-0.058,-0.08,-0.029,-0.048,-0.078,-0.102,-0.096,-0.092,-0.034,-0.079,-0.091,-0.01,0.059,0.132,0.15,0.234,0.248,0.249,0.204,0.196,0.112,0.014,-0.047,-0.159,-0.21,-0.231,-0.35,-0.406,-0.429,-0.433,-0.445,-0.465,-0.48,-0.479,-0.492,-0.5,-0.449,-0.423,-0.385,-0.351,-0.276,-0.229,-0.231,-0.175,-0.08,-0.081,-0.089,-0.017,0.044,0.011,0.001,0.055,0.022,-0.037,-0.066,-0.089,-0.126,-0.167,-0.225,-0.238,-0.221,-0.282,-0.342,-0.336,-0.332,-0.39,-0.43,-0.417,-0.42,-0.46,-0.474,-0.447,-0.417,-0.351
0.052,0.099,0.108,0.194,0.312,0.328,0.419,0.435,0.491,0.52,0.612,0.695,0.751,0.811,0.858,0.886,0.907,0.942,0.975,1,0.972,0.927,0.864,0.809,0.719,0.625,0.626,0.505,0.366,0.273,0.09,-0.081,-0.234,-0.322,-0.316,-0.376,-0.367,-0.439,-0.474,-0.454,-0.437,-0.338,-0.239,-0.139,-0.046,0.026,-0.081,-0.077,-0.245,-0.393,-0.394,-0.425,-0.419,-0.344,-0.311,-0.307,-0.372,-0.398,-0.355,-0.371,-0.404,-0.319,-0.219,-0.048,0.091,0.147,0.084,-0.014,-0.051,-0.088,-0.102,-0.047,-0.041,-0.099,-0.025,-0.007,-0.041,-0.077,-0.098,-0.04,-0.054,-0.066,-0.081,-0.074,-0.067,-0.023,-0.08,-0.102,-0.036,0.04,0.116,0.152,0.244,0.258,0.267,0.225,0.211,0.126,0.017,-0.049,-0.168,-0.22,-0.232,-0.355,-0.42,-0.45,-0.457,-0.462,-0.482,-0.498,-0.493,-0.5,-0.502,-0.445,-0.421,-0.38,-0.341,-0.265,-0.219,-0.22,-0.16,-0.066,-0.067,-0.072,0.002,0.061,0.028,0.02,0.076,0.045,-0.014,-0.043,-0.068,-0.107,-0.15,-0.21,-0.223,-0.205,-0.267,-0.33,-0.323,-0.319,-0.379,-0.422,-0.408,-0.412,-0.455,-0.472,-0.443,-0.411,-0.34
0.008,0.061,0.07,0.154,0.27,0.305,0.397,0.417,0.471,0.495,0.578,0.642,0.695,0.742,0.774,0.802,0.817,0.879,0.927,0.972,1,0.976,0.935,0.875,0.779,0.687,0.703,0.595,0.473,0.398,0.226,0.057,-0.097,-0.198,-0.215,-0.292,-0.297,-0.362,-0.403,-0.388,-0.358,-0.269,-0.191,-0.096,-0.007,0.068,-0.04,-0.044,-0.218,-0.371,-0.367,-0.397,-0.398,-0.327,-0.289,-0.286,-0.35,-0.375,-0.342,-0.359,-0.381,-0.293,-0.191,-0.023,0.118,0.158,0.087,-0.011,-0.035,-0.059,-0.066,-0.013,-0.008,-0.066,0.008,0.033,-0.004,-0.045,-0.056,-0.007,-0.016,-0.034,-0.058,-0.069,-0.07,-0.042,-0.115,-0.144,-0.084,-0.001,0.089,0.14,0.242,0.268,0.28,0.243,0.23,0.156,0.042,-0.02,-0.139,-0.2,-0.203,-0.333,-0.397,-0.444,-0.464,-0.476,-0.49,-0.486,-0.478,-0.502,-0.499,-0.46,-0.454,-0.417,-0.377,-0.315,-0.281,-0.275,-0.217,-0.135,-0.138,-0.136,-0.065,-0.013,-0.043,-0.046,0.009,-0.019,-0.072,-0.099,-0.125,-0.161,-0.195,-0.252,-0.266,-0.247,-0.296,-0.354,-0.351,-0.338,-0.388,-0.427,-0.41,-0.406,-0.442,-0.453,-0.42,-0.396,-0.336
-0.079,-0.025,-0.014,0.067,0.182,0.233,0.332,0.355,0.405,0.417,0.495,0.55,0.607,0.65,0.676,0.712,0.724,0.789,0.858,0.927,0.976,1,0.967,0.906,0.803,0.709,0.737,0.644,0.53,0.464,0.301,0.135,-0.015,-0.121,-0.144,-0.226,-0.235,-0.296,-0.341,-0.324,-0.286,-0.196,-0.121,-0.03,0.046,0.116,0.007,-0.005,-0.178,-0.33,-0.328,-0.356,-0.364,-0.292,-0.25,-0.25,-0.325,-0.347,-0.309,-0.336,-0.362,-0.275,-0.178,-0.024,0.11,0.131,0.046,-0.046,-0.047,-0.062,-0.065,-0.017,-0.009,-0.057,0.019,0.041,0.007,-0.036,-0.043,0.002,-0.008,-0.023,-0.043,-0.057,-0.06,-0.044,-0.116,-0.144,-0.096,-0.013,0.075,0.137,0.241,0.271,0.289,0.26,0.243,0.182,0.073,0.017,-0.095,-0.153,-0.148,-0.277,-0.336,-0.391,-0.419,-0.434,-0.445,-0.43,-0.419,-0.453,-0.451,-0.428,-0.429,-0.404,-0.368,-0.317,-0.294,-0.288,-0.236,-0.166,-0.171,-0.167,-0.104,-0.058,-0.085,-0.085,-0.035,-0.059,-0.104,-0.129,-0.155,-0.187,-0.214,-0.264,-0.276,-0.256,-0.295,-0.344,-0.341,-0.325,-0.365,-0.396,-0.375,-0.369,-0.398,-0.401,-0.366,-0.347,-0.3
-0.081,-0.022,-0.003,0.079,0.196,0.265,0.367,0.398,0.442,0.447,0.505,0.537,0.589,0.611,0.62,0.657,0.65,0.721,0.788,0.864,0.935,0.967,1,0.964,0.881,0.795,0.818,0.734,0.639,0.57,0.413,0.244,0.08,-0.039,-0.083,-0.188,-0.207,-0.268,-0.318,-0.302,-0.258,-0.173,-0.116,-0.02,0.066,0.138,0.026,0.005,-0.18,-0.342,-0.337,-0.359,-0.368,-0.291,-0.24,-0.247,-0.318,-0.334,-0.306,-0.335,-0.347,-0.253,-0.148,0.01,0.145,0.163,0.083,-0.002,0.001,-0.014,-0.011,0.032,0.039,-0.019,0.051,0.082,0.037,-0.011,-0.007,0.037,0.031,0.018,-0.012,-0.038,-0.034,-0.028,-0.107,-0.144,-0.109,-0.031,0.057,0.129,0.227,0.259,0.278,0.258,0.249,0.192,0.076,0.011,-0.118,-0.195,-0.191,-0.33,-0.389,-0.454,-0.486,-0.504,-0.502,-0.478,-0.469,-0.506,-0.491,-0.469,-0.482,-0.451,-0.408,-0.363,-0.343,-0.328,-0.272,-0.206,-0.211,-0.2,-0.133,-0.09,-0.116,-0.113,-0.059,-0.08,-0.124,-0.149,-0.18,-0.214,-0.238,-0.291,-0.307,-0.285,-0.319,-0.371,-0.372,-0.351,-0.389,-0.424,-0.403,-0.39,-0.42,-0.426,-0.387,-0.375,-0.323
-0.06,0.002,0.027,0.111,0.228,0.301,0.402,0.436,0.474,0.464,0.506,0.527,0.576,0.585,0.591,0.63,0.611,0.674,0.733,0.809,0.875,0.906,0.964,1,0.958,0.895,0.888,0.815,0.712,0.612,0.462,0.271,0.087,-0.049,-0.12,-0.235,-0.265,-0.315,-0.365,-0.353,-0.293,-0.219,-0.183,-0.073,0.032,0.118,0.018,0.004,-0.161,-0.322,-0.33,-0.358,-0.369,-0.285,-0.239,-0.243,-0.307,-0.33,-0.311,-0.328,-0.33,-0.238,-0.139,0.024,0.162,0.181,0.121,0.035,0.026,0.003,0.009,0.057,0.06,-0.014,0.04,0.082,0.031,-0.013,-0.011,0.041,0.053,0.055,0.026,0.01,0.024,0.041,-0.03,-0.072,-0.045,0.023,0.088,0.14,0.221,0.242,0.252,0.222,0.211,0.147,0.026,-0.049,-0.181,-0.271,-0.26,-0.39,-0.424,-0.488,-0.509,-0.539,-0.506,-0.476,-0.474,-0.51,-0.482,-0.462,-0.483,-0.447,-0.404,-0.372,-0.355,-0.331,-0.281,-0.226,-0.227,-0.211,-0.153,-0.114,-0.133,-0.129,-0.081,-0.101,-0.141,-0.162,-0.189,-0.221,-0.242,-0.287,-0.305,-0.287,-0.315,-0.363,-0.368,-0.346,-0.376,-0.411,-0.394,-0.377,-0.4,-0.408,-0.372,-0.368,-0.326
-0.037,0.026,0.055,0.142,0.263,0.345,0.444,0.491,0.523,0.494,0.52,0.518,0.564,0.555,0.54,0.579,0.541,0.598,0.651,0.719,0.779,0.803,0.881,0.958,1,0.98,0.95,0.884,0.788,0.652,0.505,0.303,0.097,-0.053,-0.153,-0.285,-0.322,-0.36,-0.404,-0.394,-0.325,-0.265,-0.252,-0.139,-0.026,0.078,0,-0.004,-0.148,-0.311,-0.334,-0.369,-0.375,-0.292,-0.253,-0.253,-0.306,-0.339,-0.336,-0.345,-0.336,-0.262,-0.165,0.004,0.144,0.173,0.144,0.054,0.016,-0.023,-0.014,0.045,0.052,-0.042,-0.012,0.046,-0.018,-0.068,-0.064,-0.009,0.025,0.038,0.002,-0.007,0.013,0.043,-0.02,-0.056,-0.015,0.039,0.083,0.099,0.16,0.17,0.163,0.12,0.111,0.031,-0.095,-0.173,-0.305,-0.395,-0.373,-0.482,-0.485,-0.545,-0.544,-0.574,-0.497,-0.474,-0.482,-0.498,-0.442,-0.409,-0.442,-0.394,-0.344,-0.325,-0.314,-0.277,-0.23,-0.194,-0.191,-0.165,-0.119,-0.094,-0.101,-0.092,-0.055,-0.064,-0.095,-0.108,-0.133,-0.162,-0.176,-0.213,-0.238,-0.223,-0.243,-0.29,-0.301,-0.278,-0.303,-0.343,-0.334,-0.311,-0.335,-0.355,-0.323,-0.327,-0.284
-0.042,0.018,0.046,0.131,0.247,0.332,0.426,0.481,0.511,0.47,0.489,0.469,0.508,0.492,0.464,0.5,0.458,0.515,0.568,0.625,0.687,0.709,0.795,0.895,0.98,1,0.973,0.927,0.845,0.704,0.57,0.371,0.159,-0.001,-0.123,-0.266,-0.312,-0.335,-0.377,-0.37,-0.289,-0.246,-0.258,-0.147,-0.035,0.081,0.029,0.039,-0.082,-0.238,-0.266,-0.303,-0.307,-0.234,-0.206,-0.203,-0.241,-0.28,-0.294,-0.298,-0.278,-0.221,-0.134,0.026,0.161,0.184,0.164,0.074,0.029,-0.007,0.006,0.07,0.078,-0.022,-0.011,0.056,-0.014,-0.067,-0.062,-0.013,0.036,0.045,0.003,-0.005,0.014,0.044,-0.014,-0.039,0.009,0.051,0.086,0.078,0.123,0.13,0.111,0.06,0.054,-0.027,-0.149,-0.221,-0.34,-0.429,-0.394,-0.485,-0.461,-0.525,-0.521,-0.562,-0.459,-0.422,-0.436,-0.46,-0.39,-0.372,-0.42,-0.374,-0.326,-0.329,-0.329,-0.282,-0.244,-0.23,-0.225,-0.192,-0.161,-0.148,-0.145,-0.132,-0.106,-0.107,-0.129,-0.132,-0.153,-0.177,-0.179,-0.204,-0.232,-0.22,-0.226,-0.263,-0.28,-0.253,-0.264,-0.299,-0.292,-0.263,-0.277,-0.296,-0.265,-0.283,-0.255
-0.136,-0.074,-0.045,0.043,0.156,0.24,0.34,0.403,0.443,0.408,0.438,0.415,0.457,0.45,0.422,0.458,0.43,0.5,0.569,0.626,0.703,0.737,0.818,0.888,0.95,0.973,1,0.968,0.909,0.807,0.673,0.488,0.275,0.105,-0.016,-0.173,-0.225,-0.248,-0.297,-0.287,-0.197,-0.155,-0.168,-0.062,0.034,0.144,0.082,0.093,-0.044,-0.201,-0.216,-0.25,-0.25,-0.181,-0.148,-0.149,-0.194,-0.23,-0.247,-0.264,-0.246,-0.19,-0.102,0.049,0.184,0.188,0.137,0.043,0.02,-0.002,0.01,0.064,0.073,-0.019,-0.002,0.063,-0.007,-0.064,-0.055,-0.011,0.037,0.027,-0.019,-0.036,-0.022,-0.007,-0.064,-0.077,-0.022,0.017,0.062,0.06,0.114,0.131,0.119,0.076,0.068,0.004,-0.111,-0.167,-0.267,-0.347,-0.305,-0.398,-0.379,-0.461,-0.477,-0.515,-0.426,-0.373,-0.379,-0.421,-0.357,-0.36,-0.417,-0.383,-0.339,-0.352,-0.362,-0.317,-0.282,-0.277,-0.275,-0.242,-0.214,-0.206,-0.203,-0.187,-0.164,-0.162,-0.178,-0.178,-0.198,-0.22,-0.214,-0.233,-0.262,-0.248,-0.244,-0.275,-0.29,-0.258,-0.261,-0.289,-0.276,-0.244,-0.252,-0.26,-0.226,-0.247,-0.233
-0.176,-0.116,-0.092,-0.015,0.082,0.176,0.27,0.335,0.37,0.327,0.345,0.303,0.337,0.328,0.289,0.32,0.296,0.37,0.443,0.505,0.595,0.644,0.734,0.815,0.884,0.927,0.968,1,0.964,0.875,0.781,0.605,0.403,0.23,0.082,-0.082,-0.151,-0.155,-0.203,-0.202,-0.1,-0.084,-0.122,-0.034,0.046,0.145,0.102,0.103,0.001,-0.133,-0.156,-0.188,-0.196,-0.142,-0.119,-0.114,-0.151,-0.188,-0.212,-0.222,-0.2,-0.163,-0.1,0.019,0.139,0.125,0.081,0.005,-0.001,-0.007,0.016,0.06,0.069,-0.011,-0.002,0.066,0.006,-0.051,-0.045,-0.009,0.047,0.041,-0.005,-0.025,-0.011,-0.009,-0.06,-0.061,-0.025,0.001,0.036,0.03,0.072,0.087,0.07,0.029,0.019,-0.037,-0.143,-0.184,-0.264,-0.333,-0.274,-0.349,-0.306,-0.386,-0.401,-0.447,-0.342,-0.278,-0.288,-0.337,-0.267,-0.289,-0.362,-0.337,-0.296,-0.331,-0.357,-0.306,-0.282,-0.302,-0.301,-0.261,-0.249,-0.256,-0.243,-0.222,-0.211,-0.202,-0.205,-0.197,-0.212,-0.225,-0.206,-0.212,-0.241,-0.228,-0.206,-0.225,-0.243,-0.206,-0.193,-0.213,-0.2,-0.162,-0.16,-0.163,-0.13,-0.161,-0.163
-0.223,-0.164,-0.136,-0.068,0.016,0.112,0.195,0.26,0.288,0.243,0.247,0.184,0.214,0.195,0.147,0.178,0.155,0.235,0.309,0.366,0.473,0.53,0.639,0.712,0.788,0.845,0.909,0.964,1,0.953,0.885,0.753,0.565,0.401,0.25,0.071,-0.001,0.001,-0.052,-0.051,0.056,0.055,-0.007,0.059,0.12,0.197,0.156,0.157,0.056,-0.066,-0.074,-0.099,-0.107,-0.06,-0.034,-0.038,-0.069,-0.1,-0.138,-0.159,-0.133,-0.108,-0.053,0.033,0.134,0.096,0.049,-0.012,-0.005,0.01,0.032,0.05,0.06,-0.006,-0.003,0.06,0,-0.053,-0.03,-0.01,0.044,0.024,-0.027,-0.054,-0.041,-0.047,-0.089,-0.086,-0.046,-0.032,-0.005,-0.016,0.016,0.035,0.02,-0.008,-0.013,-0.047,-0.137,-0.166,-0.232,-0.296,-0.242,-0.301,-0.255,-0.343,-0.368,-0.412,-0.306,-0.232,-0.241,-0.294,-0.218,-0.252,-0.337,-0.315,-0.276,-0.326,-0.363,-0.305,-0.287,-0.323,-0.322,-0.277,-0.275,-0.29,-0.271,-0.247,-0.244,-0.228,-0.224,-0.21,-0.221,-0.232,-0.205,-0.202,-0.232,-0.221,-0.187,-0.198,-0.219,-0.18,-0.155,-0.171,-0.159,-0.116,-0.108,-0.109,-0.077,-0.115,-0.127
-0.321,-0.267,-0.244,-0.184,-0.119,-0.033,0.043,0.107,0.141,0.11,0.12,0.057,0.082,0.074,0.029,0.054,0.051,0.141,0.223,0.273,0.398,0.464,0.57,0.612,0.652,0.704,0.807,0.875,0.953,1,0.959,0.875,0.724,0.571,0.435,0.258,0.18,0.188,0.128,0.128,0.242,0.229,0.156,0.202,0.236,0.293,0.244,0.237,0.13,0.023,0.033,0.013,0,0.028,0.052,0.039,0.011,-0.007,-0.054,-0.09,-0.063,-0.038,0.008,0.062,0.149,0.078,-0.003,-0.06,-0.018,0.025,0.046,0.041,0.05,0.014,0.026,0.074,0.027,-0.018,0.009,0.012,0.056,0.011,-0.04,-0.079,-0.073,-0.093,-0.133,-0.128,-0.087,-0.074,-0.041,-0.043,-0.004,0.024,0.019,0.004,-0.001,-0.003,-0.068,-0.071,-0.106,-0.149,-0.095,-0.145,-0.109,-0.208,-0.257,-0.3,-0.222,-0.13,-0.133,-0.206,-0.143,-0.207,-0.299,-0.294,-0.266,-0.334,-0.381,-0.327,-0.321,-0.373,-0.372,-0.328,-0.338,-0.359,-0.336,-0.311,-0.316,-0.298,-0.287,-0.266,-0.273,-0.277,-0.243,-0.227,-0.254,-0.246,-0.196,-0.192,-0.214,-0.173,-0.132,-0.134,-0.12,-0.075,-0.053,-0.04,-0.01,-0.055,-0.091
-0.351,-0.306,-0.29,-0.252,-0.209,-0.113,-0.051,0.01,0.033,-0.005,-0.013,-0.091,-0.077,-0.093,-0.145,-0.125,-0.131,-0.04,0.037,0.09,0.226,0.301,0.413,0.462,0.505,0.57,0.673,0.781,0.885,0.959,1,0.952,0.848,0.719,0.565,0.4,0.312,0.341,0.286,0.274,0.389,0.344,0.241,0.252,0.257,0.284,0.254,0.241,0.174,0.101,0.11,0.095,0.074,0.079,0.089,0.084,0.074,0.056,0,-0.023,0.01,0.01,0.025,0.034,0.091,0.007,-0.056,-0.086,-0.03,0.029,0.06,0.039,0.046,0.027,0.028,0.076,0.047,0.006,0.035,0.027,0.07,0.037,-0.006,-0.049,-0.039,-0.081,-0.112,-0.103,-0.092,-0.097,-0.081,-0.08,-0.06,-0.034,-0.039,-0.043,-0.049,-0.034,-0.08,-0.064,-0.077,-0.11,-0.045,-0.069,-0.017,-0.105,-0.154,-0.201,-0.12,-0.022,-0.025,-0.103,-0.039,-0.119,-0.222,-0.226,-0.204,-0.291,-0.352,-0.295,-0.301,-0.376,-0.376,-0.329,-0.354,-0.388,-0.358,-0.328,-0.344,-0.32,-0.296,-0.268,-0.27,-0.266,-0.22,-0.192,-0.217,-0.211,-0.146,-0.128,-0.152,-0.109,-0.053,-0.046,-0.034,0.015,0.046,0.064,0.09,0.036,-0.014
-0.388,-0.361,-0.355,-0.337,-0.315,-0.227,-0.185,-0.131,-0.114,-0.146,-0.161,-0.242,-0.235,-0.251,-0.3,-0.285,-0.279,-0.193,-0.12,-0.081,0.057,0.135,0.244,0.271,0.303,0.371,0.488,0.605,0.753,0.875,0.952,1,0.946,0.855,0.727,0.573,0.494,0.526,0.473,0.463,0.565,0.511,0.403,0.38,0.348,0.331,0.312,0.289,0.231,0.188,0.223,0.224,0.213,0.2,0.207,0.2,0.203,0.19,0.131,0.103,0.132,0.119,0.115,0.08,0.103,-0.007,-0.078,-0.089,-0.013,0.066,0.096,0.047,0.05,0.056,0.061,0.093,0.071,0.046,0.087,0.058,0.088,0.043,0.003,-0.039,-0.029,-0.082,-0.112,-0.105,-0.096,-0.1,-0.082,-0.082,-0.069,-0.039,-0.042,-0.037,-0.039,-0.002,-0.018,0.02,0.032,0.017,0.077,0.071,0.109,0.014,-0.054,-0.094,-0.042,0.066,0.071,-0.018,0.028,-0.073,-0.173,-0.194,-0.185,-0.28,-0.346,-0.296,-0.312,-0.395,-0.395,-0.353,-0.385,-0.422,-0.393,-0.365,-0.385,-0.359,-0.329,-0.298,-0.297,-0.29,-0.24,-0.205,-0.224,-0.22,-0.147,-0.117,-0.139,-0.098,-0.033,-0.014,0,0.047,0.087,0.116,0.139,0.083,0.02
-0.385,-0.378,-0.387,-0.396,-0.402,-0.32,-0.299,-0.261,-0.254,-0.278,-0.301,-0.378,-0.378,-0.396,-0.438,-0.429,-0.419,-0.337,-0.274,-0.234,-0.097,-0.015,0.08,0.087,0.097,0.159,0.275,0.403,0.565,0.724,0.848,0.946,1,0.962,0.864,0.768,0.69,0.732,0.686,0.658,0.732,0.645,0.522,0.442,0.359,0.293,0.284,0.263,0.239,0.241,0.281,0.29,0.273,0.225,0.217,0.224,0.241,0.231,0.178,0.164,0.192,0.167,0.131,0.05,0.04,-0.084,-0.157,-0.146,-0.047,0.055,0.09,0.021,0.019,0.061,0.069,0.083,0.087,0.072,0.109,0.059,0.071,0.03,0.006,-0.037,-0.029,-0.095,-0.121,-0.117,-0.127,-0.132,-0.122,-0.11,-0.1,-0.07,-0.067,-0.049,-0.053,0.01,0.02,0.08,0.12,0.126,0.185,0.202,0.236,0.157,0.084,0.049,0.072,0.175,0.179,0.092,0.124,0.013,-0.08,-0.109,-0.114,-0.215,-0.282,-0.241,-0.27,-0.36,-0.359,-0.324,-0.367,-0.406,-0.374,-0.348,-0.374,-0.35,-0.316,-0.282,-0.274,-0.262,-0.21,-0.167,-0.179,-0.181,-0.102,-0.059,-0.081,-0.047,0.027,0.056,0.065,0.107,0.156,0.19,0.203,0.146,0.069
-0.383,-0.386,-0.398,-0.423,-0.44,-0.374,-0.369,-0.349,-0.351,-0.366,-0.395,-0.456,-0.461,-0.477,-0.5,-0.492,-0.476,-0.404,-0.354,-0.322,-0.198,-0.121,-0.039,-0.049,-0.053,-0.001,0.105,0.23,0.401,0.571,0.719,0.855,0.962,1,0.946,0.872,0.822,0.856,0.816,0.792,0.833,0.744,0.626,0.511,0.398,0.291,0.282,0.262,0.237,0.257,0.31,0.324,0.307,0.252,0.243,0.252,0.273,0.262,0.213,0.207,0.224,0.19,0.141,0.03,-0.004,-0.134,-0.202,-0.176,-0.074,0.041,0.07,-0.02,-0.026,0.032,0.048,0.051,0.07,0.071,0.116,0.064,0.073,0.038,0.028,-0.012,-0.003,-0.077,-0.102,-0.102,-0.122,-0.124,-0.118,-0.099,-0.095,-0.069,-0.063,-0.038,-0.048,0.023,0.045,0.116,0.166,0.189,0.24,0.271,0.287,0.218,0.141,0.118,0.113,0.209,0.221,0.141,0.158,0.05,-0.034,-0.074,-0.079,-0.17,-0.239,-0.207,-0.233,-0.318,-0.323,-0.292,-0.331,-0.37,-0.344,-0.318,-0.341,-0.316,-0.281,-0.248,-0.243,-0.231,-0.18,-0.142,-0.149,-0.147,-0.072,-0.031,-0.047,-0.013,0.054,0.084,0.098,0.135,0.177,0.214,0.229,0.183,0.113
-0.377,-0.385,-0.394,-0.425,-0.446,-0.408,-0.418,-0.421,-0.427,-0.421,-0.442,-0.474,-0.473,-0.482,-0.478,-0.466,-0.437,-0.379,-0.34,-0.316,-0.215,-0.144,-0.083,-0.12,-0.153,-0.123,-0.016,0.082,0.25,0.435,0.565,0.727,0.864,0.946,1,0.964,0.942,0.927,0.871,0.855,0.862,0.794,0.718,0.597,0.465,0.32,0.282,0.257,0.2,0.231,0.31,0.332,0.325,0.272,0.271,0.274,0.286,0.283,0.246,0.232,0.234,0.215,0.179,0.052,0,-0.143,-0.226,-0.203,-0.099,0.023,0.038,-0.074,-0.085,-0.012,0.02,0.003,0.031,0.047,0.1,0.049,0.04,0.003,0.003,-0.029,-0.012,-0.084,-0.106,-0.116,-0.138,-0.123,-0.106,-0.068,-0.055,-0.027,-0.007,0.031,0.016,0.097,0.129,0.2,0.255,0.288,0.316,0.344,0.314,0.24,0.147,0.148,0.095,0.179,0.209,0.14,0.129,0.035,-0.026,-0.072,-0.08,-0.141,-0.198,-0.184,-0.201,-0.258,-0.269,-0.251,-0.274,-0.3,-0.286,-0.267,-0.279,-0.264,-0.241,-0.216,-0.212,-0.205,-0.166,-0.143,-0.143,-0.136,-0.08,-0.048,-0.055,-0.027,0.022,0.05,0.07,0.095,0.126,0.165,0.183,0.158,0.105
-0.318,-0.339,-0.357,-0.405,-0.446,-0.421,-0.449,-0.467,-0.482,-0.469,-0.491,-0.511,-0.513,-0.52,-0.51,-0.501,-0.471,-0.426,-0.401,-0.376,-0.292,-0.226,-0.188,-0.235,-0.285,-0.266,-0.173,-0.082,0.071,0.258,0.4,0.573,0.768,0.872,0.964,1,0.98,0.96,0.911,0.877,0.855,0.769,0.702,0.554,0.398,0.23,0.201,0.185,0.163,0.231,0.306,0.332,0.321,0.246,0.235,0.247,0.267,0.27,0.245,0.242,0.245,0.225,0.173,0.027,-0.044,-0.182,-0.259,-0.223,-0.114,0.009,0.025,-0.091,-0.105,-0.013,0.019,-0.013,0.031,0.054,0.096,0.035,0.01,-0.019,-0.005,-0.03,-0.015,-0.085,-0.098,-0.11,-0.148,-0.134,-0.126,-0.08,-0.067,-0.043,-0.015,0.032,0.015,0.111,0.159,0.235,0.307,0.35,0.37,0.411,0.376,0.32,0.233,0.241,0.168,0.236,0.263,0.205,0.18,0.094,0.053,0.006,-0.014,-0.068,-0.114,-0.111,-0.137,-0.188,-0.195,-0.188,-0.214,-0.235,-0.222,-0.21,-0.226,-0.217,-0.198,-0.175,-0.164,-0.153,-0.122,-0.096,-0.089,-0.089,-0.039,-0.002,-0.006,0.01,0.058,0.09,0.102,0.119,0.152,0.191,0.197,0.177,0.119
-0.321,-0.344,-0.358,-0.406,-0.445,-0.431,-0.46,-0.489,-0.506,-0.488,-0.507,-0.511,-0.51,-0.516,-0.49,-0.477,-0.444,-0.409,-0.388,-0.367,-0.297,-0.235,-0.207,-0.265,-0.322,-0.312,-0.225,-0.151,-0.001,0.18,0.312,0.494,0.69,0.822,0.942,0.98,1,0.97,0.928,0.913,0.868,0.805,0.756,0.605,0.446,0.266,0.232,0.217,0.174,0.232,0.315,0.343,0.339,0.275,0.271,0.282,0.292,0.291,0.277,0.272,0.258,0.235,0.184,0.031,-0.047,-0.188,-0.271,-0.232,-0.123,0.001,0.009,-0.114,-0.127,-0.032,0.007,-0.031,0.014,0.042,0.087,0.032,0.009,-0.017,0.003,-0.013,0.002,-0.066,-0.082,-0.098,-0.129,-0.106,-0.093,-0.045,-0.031,-0.01,0.021,0.066,0.046,0.134,0.178,0.251,0.315,0.361,0.372,0.412,0.361,0.301,0.208,0.227,0.14,0.205,0.241,0.188,0.155,0.076,0.04,-0.009,-0.024,-0.066,-0.11,-0.112,-0.129,-0.17,-0.182,-0.176,-0.194,-0.212,-0.206,-0.193,-0.203,-0.192,-0.175,-0.154,-0.149,-0.143,-0.114,-0.097,-0.09,-0.084,-0.042,-0.013,-0.013,0.005,0.042,0.07,0.089,0.102,0.126,0.165,0.177,0.167,0.122
-0.338,-0.366,-0.388,-0.443,-0.498,-0.472,-0.506,-0.526,-0.545,-0.535,-0.555,-0.57,-0.573,-0.58,-0.565,-0.556,-0.526,-0.488,-0.459,-0.439,-0.362,-0.296,-0.268,-0.315,-0.36,-0.335,-0.248,-0.155,0.001,0.188,0.341,0.526,0.732,0.856,0.927,0.96,0.97,1,0.986,0.968,0.941,0.857,0.775,0.611,0.445,0.282,0.281,0.269,0.265,0.332,0.392,0.414,0.397,0.313,0.288,0.305,0.327,0.318,0.296,0.304,0.297,0.251,0.172,0.008,-0.074,-0.211,-0.291,-0.256,-0.152,-0.031,-0.012,-0.116,-0.125,-0.031,-0.012,-0.048,-0.002,0.024,0.063,-0.003,-0.015,-0.041,-0.015,-0.031,-0.025,-0.092,-0.097,-0.097,-0.127,-0.121,-0.12,-0.094,-0.089,-0.071,-0.055,-0.02,-0.039,0.051,0.106,0.191,0.277,0.332,0.358,0.425,0.412,0.369,0.294,0.297,0.238,0.305,0.326,0.269,0.252,0.158,0.11,0.062,0.038,-0.032,-0.085,-0.078,-0.112,-0.182,-0.187,-0.176,-0.217,-0.248,-0.228,-0.213,-0.239,-0.221,-0.19,-0.16,-0.147,-0.133,-0.093,-0.056,-0.051,-0.054,0.006,0.052,0.045,0.061,0.118,0.156,0.165,0.182,0.223,0.261,0.263,0.234,0.162
-0.319,-0.352,-0.377,-0.438,-0.501,-0.473,-0.511,-0.531,-0.55,-0.542,-0.563,-0.58,-0.587,-0.593,-0.582,-0.578,-0.552,-0.519,-0.492,-0.474,-0.403,-0.341,-0.318,-0.365,-0.404,-0.377,-0.297,-0.203,-0.052,0.128,0.286,0.473,0.686,0.816,0.871,0.911,0.928,0.986,1,0.984,0.942,0.851,0.758,0.581,0.411,0.254,0.273,0.267,0.283,0.354,0.4,0.423,0.405,0.314,0.282,0.305,0.331,0.319,0.3,0.319,0.311,0.249,0.153,-0.018,-0.106,-0.231,-0.303,-0.265,-0.17,-0.059,-0.039,-0.132,-0.142,-0.048,-0.037,-0.074,-0.027,-0.002,0.033,-0.036,-0.044,-0.062,-0.03,-0.041,-0.038,-0.105,-0.105,-0.098,-0.131,-0.133,-0.138,-0.121,-0.122,-0.107,-0.098,-0.069,-0.087,-0.001,0.057,0.148,0.241,0.304,0.338,0.419,0.42,0.391,0.329,0.334,0.284,0.341,0.355,0.308,0.298,0.208,0.16,0.114,0.089,0.014,-0.041,-0.032,-0.071,-0.149,-0.152,-0.14,-0.188,-0.224,-0.201,-0.185,-0.217,-0.194,-0.157,-0.123,-0.11,-0.094,-0.051,-0.009,-0.004,-0.01,0.053,0.103,0.094,0.107,0.167,0.205,0.21,0.227,0.268,0.303,0.3,0.267,0.19
-0.349,-0.38,-0.403,-0.462,-0.52,-0.499,-0.538,-0.561,-0.58,-0.571,-0.588,-0.594,-0.597,-0.598,-0.574,-0.564,-0.532,-0.502,-0.47,-0.454,-0.388,-0.324,-0.302,-0.353,-0.394,-0.37,-0.287,-0.202,-0.051,0.128,0.274,0.463,0.658,0.792,0.855,0.877,0.913,0.968,0.984,1,0.964,0.91,0.831,0.674,0.511,0.358,0.367,0.356,0.342,0.389,0.441,0.463,0.446,0.366,0.336,0.352,0.372,0.359,0.341,0.354,0.339,0.281,0.193,0.03,-0.056,-0.184,-0.266,-0.236,-0.14,-0.034,-0.024,-0.119,-0.128,-0.038,-0.028,-0.068,-0.03,0.001,0.043,-0.021,-0.021,-0.04,-0.005,-0.013,-0.015,-0.081,-0.086,-0.082,-0.109,-0.104,-0.102,-0.087,-0.085,-0.072,-0.061,-0.033,-0.054,0.03,0.085,0.173,0.263,0.322,0.351,0.431,0.423,0.382,0.31,0.315,0.26,0.329,0.348,0.292,0.276,0.178,0.13,0.079,0.053,-0.022,-0.077,-0.069,-0.107,-0.183,-0.186,-0.176,-0.221,-0.256,-0.235,-0.22,-0.25,-0.226,-0.189,-0.155,-0.146,-0.13,-0.088,-0.047,-0.042,-0.046,0.016,0.066,0.058,0.074,0.134,0.174,0.182,0.2,0.242,0.282,0.282,0.25,0.171
