Dynami,c Cross,#NAME?,ation M,atrix f,or 151,selecte,d units,,,,,,,,,,,,,,,,,,,,,,,,,,,,,,,,,,,,,,,,,,,,,,,,,,,,,,,,,,,,,,,,,,,,,,,,,,,,,,,,,,,,,,,,,,,,,,,,,,,,,,,,,,,,,,,,,,,,,,,,,,,,,,,,,,,,,,,,,,,,,,,
1,0.986,0.959,0.94,0.971,0.958,0.897,0.839,0.804,0.793,0.781,0.656,0.591,0.45,0.307,0.204,0.047,0.005,-0.064,-0.165,-0.134,-0.286,-0.433,-0.571,-0.651,-0.681,-0.719,-0.71,-0.728,-0.717,-0.689,-0.607,-0.574,-0.546,-0.539,-0.475,-0.414,-0.384,-0.356,-0.361,-0.364,-0.372,-0.411,-0.42,-0.439,-0.369,-0.225,-0.193,-0.119,-0.185,-0.114,-0.128,-0.057,-0.099,-0.117,0.016,0.079,0.003,0.006,0.113,0.161,0.094,0.221,0.179,0.169,0.115,0.224,0.273,0.348,0.461,0.362,0.365,0.299,0.249,0.194,0.181,0.158,0.088,0.105,0.154,0.161,0.153,0.176,0.19,0.213,0.211,0.233,0.266,0.274,0.222,0.17,0.125,0.029,-0.03,-0.101,-0.159,-0.178,-0.226,-0.227,-0.254,-0.205,-0.215,-0.172,-0.109,-0.115,-0.084,-0.085,-0.109,-0.16,-0.181,-0.197,-0.224,-0.194,-0.228,-0.165,-0.214,-0.255,-0.185,-0.161,-0.224,-0.213,-0.131,-0.153,-0.188,-0.135,-0.087,-0.127,-0.099,-0.082,-0.133,-0.159,-0.209,-0.236,-0.239,-0.263,-0.303,-0.284,-0.267,-0.314,-0.325,-0.292,-0.308,-0.346,-0.318,-0.291,-0.332,-0.334,-0.276,-0.275,-0.334,-0.195
0.986,1,0.987,0.973,0.973,0.95,0.883,0.839,0.822,0.801,0.8,0.678,0.599,0.46,0.306,0.183,0.03,0,-0.073,-0.179,-0.145,-0.303,-0.444,-0.577,-0.667,-0.702,-0.733,-0.729,-0.751,-0.739,-0.716,-0.636,-0.605,-0.576,-0.567,-0.507,-0.448,-0.412,-0.378,-0.384,-0.394,-0.399,-0.443,-0.453,-0.471,-0.411,-0.272,-0.242,-0.164,-0.224,-0.146,-0.152,-0.082,-0.123,-0.142,-0.012,0.05,-0.026,-0.03,0.081,0.138,0.078,0.203,0.165,0.158,0.11,0.226,0.282,0.353,0.473,0.388,0.402,0.34,0.288,0.235,0.227,0.204,0.137,0.15,0.197,0.203,0.195,0.214,0.227,0.241,0.237,0.261,0.29,0.299,0.252,0.204,0.164,0.075,0.02,-0.042,-0.099,-0.117,-0.166,-0.172,-0.211,-0.172,-0.184,-0.163,-0.1,-0.096,-0.068,-0.07,-0.095,-0.143,-0.16,-0.175,-0.204,-0.175,-0.219,-0.156,-0.215,-0.261,-0.191,-0.171,-0.24,-0.231,-0.151,-0.176,-0.214,-0.163,-0.117,-0.158,-0.132,-0.115,-0.162,-0.185,-0.233,-0.262,-0.263,-0.285,-0.323,-0.301,-0.283,-0.328,-0.335,-0.299,-0.313,-0.348,-0.314,-0.279,-0.321,-0.321,-0.254,-0.246,-0.309,-0.173
0.959,0.987,1,0.991,0.973,0.961,0.914,0.891,0.887,0.861,0.862,0.755,0.674,0.545,0.392,0.257,0.109,0.082,0.005,-0.111,-0.075,-0.245,-0.392,-0.533,-0.642,-0.688,-0.718,-0.709,-0.737,-0.723,-0.697,-0.615,-0.585,-0.556,-0.555,-0.498,-0.444,-0.407,-0.374,-0.378,-0.39,-0.389,-0.434,-0.447,-0.466,-0.409,-0.269,-0.253,-0.18,-0.25,-0.185,-0.192,-0.13,-0.164,-0.183,-0.056,-0.005,-0.088,-0.092,0.019,0.071,0.007,0.132,0.098,0.097,0.045,0.189,0.271,0.352,0.488,0.413,0.44,0.386,0.332,0.29,0.287,0.258,0.19,0.201,0.248,0.256,0.246,0.266,0.277,0.286,0.283,0.311,0.347,0.349,0.297,0.253,0.213,0.121,0.074,0.009,-0.056,-0.075,-0.137,-0.155,-0.206,-0.182,-0.198,-0.198,-0.141,-0.132,-0.112,-0.115,-0.137,-0.179,-0.188,-0.198,-0.229,-0.208,-0.266,-0.204,-0.276,-0.325,-0.251,-0.238,-0.313,-0.3,-0.216,-0.248,-0.286,-0.227,-0.181,-0.229,-0.198,-0.173,-0.221,-0.245,-0.294,-0.328,-0.33,-0.348,-0.392,-0.371,-0.344,-0.389,-0.401,-0.358,-0.362,-0.402,-0.365,-0.315,-0.356,-0.359,-0.278,-0.254,-0.309,-0.162
0.94,0.973,0.991,1,0.979,0.959,0.916,0.894,0.897,0.881,0.893,0.799,0.725,0.607,0.456,0.321,0.175,0.152,0.069,-0.054,-0.015,-0.193,-0.347,-0.502,-0.62,-0.669,-0.701,-0.69,-0.723,-0.713,-0.686,-0.61,-0.587,-0.562,-0.566,-0.518,-0.466,-0.433,-0.401,-0.406,-0.418,-0.411,-0.454,-0.47,-0.491,-0.434,-0.294,-0.28,-0.213,-0.287,-0.216,-0.225,-0.164,-0.198,-0.214,-0.085,-0.036,-0.123,-0.123,-0.008,0.041,-0.028,0.097,0.068,0.069,0.015,0.16,0.25,0.34,0.481,0.403,0.434,0.384,0.332,0.293,0.296,0.265,0.195,0.208,0.258,0.267,0.254,0.273,0.283,0.29,0.286,0.311,0.347,0.339,0.281,0.238,0.199,0.104,0.064,0.004,-0.065,-0.086,-0.151,-0.171,-0.215,-0.193,-0.202,-0.195,-0.138,-0.132,-0.115,-0.119,-0.137,-0.18,-0.186,-0.191,-0.223,-0.209,-0.267,-0.202,-0.28,-0.33,-0.252,-0.239,-0.318,-0.304,-0.216,-0.251,-0.292,-0.229,-0.183,-0.233,-0.201,-0.176,-0.225,-0.249,-0.3,-0.335,-0.337,-0.356,-0.402,-0.379,-0.35,-0.397,-0.41,-0.362,-0.366,-0.409,-0.371,-0.315,-0.359,-0.364,-0.278,-0.25,-0.299,-0.154
0.971,0.973,0.973,0.979,1,0.988,0.951,0.908,0.89,0.891,0.891,0.795,0.739,0.616,0.475,0.365,0.209,0.172,0.088,-0.03,0.01,-0.166,-0.33,-0.499,-0.605,-0.648,-0.689,-0.672,-0.701,-0.692,-0.658,-0.579,-0.554,-0.529,-0.536,-0.485,-0.43,-0.407,-0.382,-0.387,-0.391,-0.389,-0.425,-0.441,-0.465,-0.396,-0.25,-0.235,-0.172,-0.255,-0.193,-0.211,-0.146,-0.183,-0.199,-0.061,-0.009,-0.1,-0.091,0.025,0.063,-0.017,0.111,0.078,0.074,0.011,0.153,0.236,0.331,0.465,0.365,0.384,0.329,0.278,0.235,0.237,0.203,0.13,0.147,0.202,0.215,0.202,0.225,0.238,0.254,0.253,0.277,0.319,0.309,0.243,0.194,0.146,0.04,-0.004,-0.077,-0.15,-0.172,-0.237,-0.25,-0.279,-0.244,-0.249,-0.21,-0.153,-0.161,-0.139,-0.144,-0.16,-0.21,-0.221,-0.226,-0.256,-0.241,-0.285,-0.217,-0.284,-0.328,-0.245,-0.226,-0.3,-0.28,-0.187,-0.22,-0.257,-0.19,-0.14,-0.189,-0.153,-0.127,-0.182,-0.211,-0.264,-0.3,-0.305,-0.326,-0.378,-0.359,-0.329,-0.381,-0.401,-0.357,-0.363,-0.412,-0.383,-0.335,-0.379,-0.389,-0.315,-0.294,-0.337,-0.183
0.958,0.95,0.961,0.959,0.988,1,0.983,0.952,0.929,0.928,0.914,0.825,0.773,0.65,0.519,0.414,0.257,0.217,0.136,0.018,0.058,-0.118,-0.287,-0.459,-0.57,-0.616,-0.658,-0.637,-0.664,-0.65,-0.612,-0.526,-0.497,-0.469,-0.482,-0.429,-0.375,-0.356,-0.337,-0.339,-0.34,-0.339,-0.375,-0.393,-0.42,-0.349,-0.2,-0.199,-0.141,-0.237,-0.201,-0.223,-0.162,-0.196,-0.212,-0.077,-0.031,-0.127,-0.116,-0.004,0.024,-0.06,0.068,0.031,0.028,-0.039,0.126,0.224,0.323,0.464,0.363,0.386,0.338,0.281,0.246,0.25,0.211,0.138,0.154,0.209,0.226,0.214,0.239,0.253,0.269,0.273,0.301,0.355,0.343,0.272,0.225,0.173,0.059,0.019,-0.067,-0.146,-0.167,-0.243,-0.265,-0.302,-0.276,-0.289,-0.261,-0.211,-0.22,-0.202,-0.206,-0.221,-0.265,-0.272,-0.275,-0.303,-0.292,-0.339,-0.275,-0.345,-0.384,-0.299,-0.284,-0.356,-0.327,-0.231,-0.27,-0.301,-0.224,-0.175,-0.229,-0.185,-0.152,-0.208,-0.239,-0.292,-0.335,-0.342,-0.36,-0.42,-0.405,-0.367,-0.42,-0.448,-0.404,-0.401,-0.456,-0.432,-0.376,-0.416,-0.433,-0.357,-0.325,-0.36,-0.191
0.897,0.883,0.914,0.916,0.951,0.983,1,0.986,0.964,0.968,0.947,0.885,0.846,0.736,0.622,0.526,0.375,0.331,0.244,0.122,0.169,-0.014,-0.192,-0.38,-0.501,-0.549,-0.593,-0.562,-0.59,-0.572,-0.528,-0.438,-0.41,-0.379,-0.4,-0.351,-0.3,-0.289,-0.276,-0.275,-0.274,-0.266,-0.296,-0.319,-0.351,-0.281,-0.139,-0.156,-0.112,-0.216,-0.211,-0.239,-0.185,-0.209,-0.224,-0.093,-0.062,-0.167,-0.15,-0.042,-0.034,-0.13,-0.012,-0.052,-0.05,-0.124,0.07,0.191,0.297,0.44,0.334,0.364,0.331,0.276,0.258,0.268,0.222,0.151,0.164,0.219,0.241,0.229,0.256,0.269,0.284,0.292,0.322,0.394,0.374,0.295,0.253,0.195,0.069,0.041,-0.059,-0.148,-0.168,-0.26,-0.294,-0.336,-0.321,-0.344,-0.321,-0.281,-0.296,-0.286,-0.293,-0.304,-0.344,-0.345,-0.343,-0.37,-0.368,-0.418,-0.355,-0.426,-0.461,-0.373,-0.36,-0.429,-0.389,-0.289,-0.333,-0.357,-0.267,-0.218,-0.276,-0.222,-0.18,-0.24,-0.275,-0.328,-0.378,-0.39,-0.404,-0.475,-0.466,-0.418,-0.474,-0.514,-0.469,-0.456,-0.519,-0.504,-0.44,-0.474,-0.5,-0.422,-0.377,-0.386,-0.199
0.839,0.839,0.891,0.894,0.908,0.952,0.986,1,0.991,0.985,0.962,0.915,0.87,0.769,0.662,0.555,0.415,0.38,0.293,0.167,0.22,0.035,-0.141,-0.329,-0.46,-0.514,-0.552,-0.52,-0.55,-0.529,-0.486,-0.396,-0.368,-0.334,-0.356,-0.31,-0.262,-0.249,-0.236,-0.233,-0.235,-0.225,-0.26,-0.287,-0.323,-0.265,-0.133,-0.163,-0.121,-0.225,-0.235,-0.257,-0.21,-0.227,-0.24,-0.121,-0.101,-0.206,-0.193,-0.093,-0.089,-0.179,-0.069,-0.106,-0.099,-0.176,0.035,0.174,0.283,0.43,0.335,0.376,0.356,0.299,0.294,0.309,0.261,0.196,0.204,0.254,0.278,0.266,0.29,0.301,0.308,0.32,0.354,0.436,0.413,0.334,0.302,0.245,0.122,0.108,0.008,-0.082,-0.1,-0.203,-0.249,-0.307,-0.31,-0.343,-0.348,-0.319,-0.329,-0.329,-0.335,-0.343,-0.374,-0.365,-0.358,-0.384,-0.389,-0.451,-0.391,-0.474,-0.51,-0.422,-0.416,-0.488,-0.446,-0.346,-0.397,-0.419,-0.323,-0.278,-0.339,-0.283,-0.235,-0.293,-0.326,-0.376,-0.43,-0.444,-0.452,-0.526,-0.519,-0.464,-0.516,-0.56,-0.511,-0.488,-0.553,-0.535,-0.459,-0.49,-0.519,-0.431,-0.37,-0.366,-0.172
0.804,0.822,0.887,0.897,0.89,0.929,0.964,0.991,1,0.99,0.977,0.938,0.887,0.794,0.682,0.562,0.43,0.406,0.316,0.185,0.243,0.054,-0.121,-0.307,-0.448,-0.508,-0.541,-0.511,-0.547,-0.527,-0.488,-0.404,-0.38,-0.348,-0.369,-0.327,-0.283,-0.267,-0.251,-0.249,-0.255,-0.242,-0.281,-0.313,-0.35,-0.3,-0.171,-0.205,-0.164,-0.268,-0.271,-0.288,-0.245,-0.258,-0.269,-0.157,-0.143,-0.244,-0.234,-0.137,-0.128,-0.213,-0.105,-0.133,-0.123,-0.198,0.016,0.162,0.269,0.42,0.333,0.383,0.364,0.307,0.307,0.328,0.277,0.215,0.221,0.269,0.294,0.28,0.302,0.311,0.313,0.325,0.361,0.441,0.416,0.339,0.31,0.257,0.14,0.132,0.042,-0.047,-0.063,-0.169,-0.222,-0.287,-0.3,-0.329,-0.348,-0.319,-0.321,-0.324,-0.327,-0.329,-0.355,-0.345,-0.334,-0.358,-0.365,-0.431,-0.375,-0.466,-0.503,-0.414,-0.415,-0.491,-0.449,-0.352,-0.406,-0.429,-0.335,-0.293,-0.356,-0.301,-0.252,-0.306,-0.337,-0.386,-0.44,-0.451,-0.457,-0.53,-0.521,-0.462,-0.513,-0.555,-0.501,-0.474,-0.539,-0.517,-0.432,-0.462,-0.493,-0.398,-0.329,-0.33,-0.142
0.793,0.801,0.861,0.881,0.891,0.928,0.968,0.985,0.99,1,0.99,0.962,0.926,0.84,0.735,0.628,0.493,0.469,0.375,0.243,0.303,0.111,-0.071,-0.272,-0.414,-0.472,-0.511,-0.475,-0.513,-0.497,-0.452,-0.37,-0.348,-0.316,-0.345,-0.31,-0.265,-0.261,-0.252,-0.249,-0.249,-0.234,-0.267,-0.301,-0.34,-0.287,-0.153,-0.195,-0.162,-0.278,-0.292,-0.319,-0.277,-0.294,-0.305,-0.189,-0.173,-0.279,-0.263,-0.159,-0.155,-0.25,-0.141,-0.169,-0.162,-0.234,-0.012,0.136,0.243,0.394,0.296,0.347,0.331,0.275,0.28,0.307,0.253,0.19,0.2,0.252,0.282,0.264,0.289,0.297,0.298,0.311,0.345,0.428,0.401,0.319,0.286,0.228,0.101,0.091,-0.006,-0.103,-0.122,-0.231,-0.286,-0.343,-0.354,-0.378,-0.376,-0.346,-0.357,-0.359,-0.364,-0.361,-0.39,-0.382,-0.366,-0.388,-0.398,-0.452,-0.396,-0.483,-0.51,-0.412,-0.414,-0.487,-0.433,-0.33,-0.39,-0.408,-0.303,-0.262,-0.329,-0.266,-0.213,-0.269,-0.302,-0.352,-0.411,-0.427,-0.432,-0.515,-0.509,-0.443,-0.499,-0.553,-0.497,-0.465,-0.542,-0.53,-0.441,-0.471,-0.514,-0.425,-0.351,-0.349,-0.158
0.781,0.8,0.862,0.893,0.891,0.914,0.947,0.962,0.977,0.99,1,0.978,0.942,0.866,0.756,0.641,0.512,0.495,0.396,0.26,0.317,0.12,-0.063,-0.265,-0.413,-0.475,-0.513,-0.48,-0.525,-0.513,-0.469,-0.394,-0.377,-0.35,-0.38,-0.35,-0.307,-0.299,-0.286,-0.284,-0.289,-0.27,-0.304,-0.338,-0.377,-0.323,-0.192,-0.228,-0.195,-0.309,-0.307,-0.333,-0.293,-0.313,-0.324,-0.206,-0.188,-0.292,-0.276,-0.166,-0.156,-0.249,-0.14,-0.16,-0.15,-0.222,-0.009,0.137,0.246,0.399,0.304,0.353,0.332,0.28,0.28,0.306,0.254,0.19,0.2,0.253,0.281,0.263,0.287,0.294,0.294,0.306,0.338,0.416,0.387,0.306,0.273,0.219,0.098,0.09,0.001,-0.094,-0.112,-0.219,-0.273,-0.33,-0.342,-0.361,-0.358,-0.326,-0.335,-0.336,-0.338,-0.335,-0.363,-0.356,-0.34,-0.363,-0.371,-0.426,-0.37,-0.459,-0.489,-0.392,-0.396,-0.471,-0.42,-0.319,-0.378,-0.399,-0.299,-0.258,-0.324,-0.265,-0.213,-0.267,-0.299,-0.349,-0.406,-0.419,-0.424,-0.504,-0.496,-0.432,-0.487,-0.536,-0.479,-0.448,-0.522,-0.507,-0.416,-0.447,-0.488,-0.396,-0.322,-0.323,-0.142
0.656,0.678,0.755,0.799,0.795,0.825,0.885,0.915,0.938,0.962,0.978,1,0.983,0.936,0.852,0.75,0.64,0.625,0.525,0.389,0.448,0.249,0.07,-0.146,-0.302,-0.366,-0.404,-0.363,-0.41,-0.399,-0.35,-0.278,-0.269,-0.243,-0.282,-0.266,-0.231,-0.232,-0.226,-0.221,-0.226,-0.197,-0.222,-0.26,-0.301,-0.255,-0.146,-0.198,-0.182,-0.295,-0.319,-0.35,-0.321,-0.333,-0.343,-0.236,-0.231,-0.34,-0.321,-0.214,-0.222,-0.32,-0.23,-0.247,-0.231,-0.307,-0.079,0.086,0.199,0.35,0.266,0.323,0.324,0.279,0.298,0.333,0.278,0.223,0.23,0.28,0.312,0.293,0.315,0.318,0.312,0.326,0.354,0.441,0.401,0.318,0.296,0.241,0.12,0.126,0.034,-0.068,-0.087,-0.204,-0.269,-0.329,-0.359,-0.386,-0.393,-0.375,-0.389,-0.401,-0.409,-0.401,-0.424,-0.408,-0.386,-0.409,-0.43,-0.486,-0.436,-0.525,-0.549,-0.455,-0.463,-0.532,-0.472,-0.374,-0.436,-0.449,-0.341,-0.305,-0.372,-0.306,-0.247,-0.298,-0.331,-0.377,-0.439,-0.458,-0.457,-0.543,-0.542,-0.471,-0.524,-0.582,-0.527,-0.485,-0.563,-0.556,-0.459,-0.482,-0.529,-0.437,-0.349,-0.318,-0.131
0.591,0.599,0.674,0.725,0.739,0.773,0.846,0.87,0.887,0.926,0.942,0.983,1,0.969,0.903,0.832,0.723,0.701,0.611,0.488,0.54,0.353,0.171,-0.055,-0.213,-0.277,-0.318,-0.275,-0.322,-0.313,-0.261,-0.196,-0.19,-0.169,-0.217,-0.207,-0.178,-0.191,-0.194,-0.187,-0.187,-0.153,-0.166,-0.202,-0.242,-0.193,-0.092,-0.15,-0.152,-0.27,-0.309,-0.348,-0.328,-0.337,-0.347,-0.247,-0.248,-0.36,-0.335,-0.232,-0.256,-0.367,-0.288,-0.307,-0.288,-0.368,-0.145,0.023,0.138,0.293,0.215,0.275,0.28,0.246,0.271,0.31,0.255,0.202,0.214,0.263,0.293,0.272,0.293,0.294,0.288,0.298,0.318,0.405,0.362,0.278,0.256,0.199,0.077,0.086,-0.008,-0.112,-0.132,-0.249,-0.315,-0.363,-0.396,-0.415,-0.403,-0.387,-0.408,-0.424,-0.437,-0.429,-0.454,-0.433,-0.407,-0.433,-0.462,-0.509,-0.463,-0.542,-0.559,-0.467,-0.474,-0.534,-0.469,-0.372,-0.433,-0.439,-0.328,-0.294,-0.358,-0.288,-0.228,-0.279,-0.314,-0.357,-0.421,-0.443,-0.441,-0.531,-0.535,-0.462,-0.515,-0.58,-0.53,-0.484,-0.566,-0.568,-0.475,-0.493,-0.545,-0.463,-0.375,-0.337,-0.157
0.45,0.46,0.545,0.607,0.616,0.65,0.736,0.769,0.794,0.84,0.866,0.936,0.969,1,0.966,0.902,0.843,0.836,0.746,0.621,0.663,0.47,0.299,0.074,-0.095,-0.167,-0.207,-0.158,-0.216,-0.213,-0.157,-0.103,-0.107,-0.102,-0.161,-0.166,-0.15,-0.162,-0.167,-0.163,-0.17,-0.13,-0.132,-0.166,-0.208,-0.153,-0.073,-0.127,-0.141,-0.26,-0.299,-0.343,-0.333,-0.34,-0.347,-0.259,-0.268,-0.373,-0.343,-0.246,-0.28,-0.389,-0.329,-0.339,-0.312,-0.398,-0.188,-0.014,0.115,0.271,0.206,0.264,0.281,0.256,0.282,0.322,0.269,0.222,0.232,0.277,0.306,0.284,0.304,0.303,0.294,0.302,0.314,0.402,0.345,0.258,0.249,0.2,0.092,0.117,0.035,-0.068,-0.091,-0.206,-0.281,-0.324,-0.375,-0.396,-0.389,-0.388,-0.413,-0.44,-0.454,-0.441,-0.46,-0.43,-0.395,-0.424,-0.466,-0.516,-0.474,-0.553,-0.572,-0.488,-0.497,-0.553,-0.491,-0.402,-0.46,-0.464,-0.357,-0.326,-0.387,-0.319,-0.258,-0.306,-0.34,-0.379,-0.441,-0.463,-0.458,-0.544,-0.55,-0.479,-0.527,-0.589,-0.541,-0.493,-0.569,-0.57,-0.477,-0.491,-0.538,-0.455,-0.362,-0.304,-0.147
0.307,0.306,0.392,0.456,0.475,0.519,0.622,0.662,0.682,0.735,0.756,0.852,0.903,0.966,1,0.972,0.941,0.911,0.831,0.714,0.75,0.56,0.396,0.171,0.009,-0.051,-0.086,-0.025,-0.076,-0.07,-0.008,0.047,0.04,0.034,-0.027,-0.039,-0.038,-0.055,-0.07,-0.073,-0.076,-0.044,-0.031,-0.051,-0.095,-0.038,0.009,-0.036,-0.064,-0.162,-0.216,-0.264,-0.267,-0.275,-0.289,-0.227,-0.233,-0.329,-0.306,-0.23,-0.276,-0.384,-0.357,-0.374,-0.344,-0.448,-0.264,-0.088,0.055,0.206,0.162,0.221,0.265,0.239,0.274,0.321,0.278,0.247,0.259,0.296,0.321,0.298,0.305,0.297,0.284,0.284,0.287,0.38,0.312,0.229,0.238,0.194,0.095,0.139,0.066,-0.032,-0.051,-0.161,-0.236,-0.27,-0.328,-0.366,-0.364,-0.389,-0.419,-0.459,-0.484,-0.473,-0.488,-0.442,-0.405,-0.44,-0.497,-0.552,-0.515,-0.586,-0.606,-0.539,-0.544,-0.589,-0.533,-0.455,-0.504,-0.502,-0.402,-0.374,-0.427,-0.363,-0.303,-0.347,-0.381,-0.411,-0.469,-0.494,-0.487,-0.568,-0.579,-0.514,-0.554,-0.613,-0.575,-0.527,-0.592,-0.595,-0.513,-0.519,-0.557,-0.48,-0.388,-0.294,-0.142
0.204,0.183,0.257,0.321,0.365,0.414,0.526,0.555,0.562,0.628,0.641,0.75,0.832,0.902,0.972,1,0.968,0.918,0.866,0.78,0.802,0.642,0.484,0.263,0.113,0.063,0.028,0.089,0.046,0.05,0.11,0.155,0.146,0.134,0.071,0.056,0.049,0.021,-0.007,-0.009,-0.004,0.025,0.054,0.043,0.003,0.061,0.087,0.046,0.001,-0.087,-0.151,-0.205,-0.218,-0.226,-0.24,-0.198,-0.208,-0.295,-0.272,-0.217,-0.276,-0.386,-0.379,-0.401,-0.37,-0.48,-0.327,-0.164,-0.019,0.122,0.092,0.149,0.202,0.186,0.228,0.279,0.242,0.22,0.238,0.27,0.29,0.264,0.266,0.253,0.241,0.232,0.22,0.307,0.234,0.157,0.169,0.129,0.037,0.085,0.018,-0.071,-0.086,-0.188,-0.255,-0.27,-0.324,-0.355,-0.333,-0.366,-0.402,-0.446,-0.478,-0.469,-0.485,-0.433,-0.396,-0.435,-0.5,-0.547,-0.514,-0.569,-0.585,-0.531,-0.53,-0.561,-0.509,-0.44,-0.48,-0.472,-0.38,-0.354,-0.398,-0.337,-0.281,-0.321,-0.357,-0.38,-0.432,-0.461,-0.454,-0.529,-0.545,-0.488,-0.523,-0.581,-0.554,-0.51,-0.568,-0.578,-0.511,-0.512,-0.547,-0.485,-0.403,-0.299,-0.159
0.047,0.03,0.109,0.175,0.209,0.257,0.375,0.415,0.43,0.493,0.512,0.64,0.723,0.843,0.941,0.968,1,0.969,0.918,0.833,0.849,0.695,0.56,0.359,0.214,0.163,0.131,0.195,0.146,0.145,0.204,0.236,0.218,0.193,0.127,0.102,0.084,0.062,0.037,0.032,0.028,0.058,0.092,0.081,0.041,0.097,0.102,0.068,0.015,-0.065,-0.126,-0.179,-0.202,-0.208,-0.217,-0.195,-0.21,-0.279,-0.254,-0.213,-0.275,-0.371,-0.381,-0.39,-0.354,-0.462,-0.334,-0.179,-0.033,0.091,0.074,0.121,0.181,0.174,0.213,0.256,0.225,0.21,0.223,0.248,0.266,0.245,0.243,0.23,0.219,0.213,0.201,0.285,0.207,0.132,0.16,0.13,0.059,0.122,0.073,-0.007,-0.023,-0.116,-0.188,-0.201,-0.27,-0.308,-0.301,-0.348,-0.384,-0.436,-0.463,-0.448,-0.453,-0.398,-0.356,-0.39,-0.46,-0.507,-0.483,-0.534,-0.548,-0.508,-0.511,-0.535,-0.49,-0.436,-0.47,-0.461,-0.38,-0.36,-0.398,-0.344,-0.292,-0.326,-0.356,-0.373,-0.419,-0.445,-0.434,-0.499,-0.516,-0.464,-0.49,-0.541,-0.518,-0.473,-0.521,-0.529,-0.465,-0.461,-0.489,-0.431,-0.348,-0.229,-0.122
0.005,0,0.082,0.152,0.172,0.217,0.331,0.38,0.406,0.469,0.495,0.625,0.701,0.836,0.911,0.918,0.969,1,0.956,0.876,0.896,0.75,0.634,0.439,0.292,0.229,0.194,0.251,0.186,0.174,0.226,0.243,0.22,0.2,0.132,0.097,0.081,0.06,0.038,0.035,0.027,0.06,0.083,0.056,0.011,0.05,0.053,0,-0.05,-0.144,-0.215,-0.264,-0.284,-0.289,-0.292,-0.269,-0.289,-0.353,-0.323,-0.279,-0.331,-0.406,-0.412,-0.401,-0.356,-0.44,-0.299,-0.144,-0.023,0.084,0.055,0.097,0.157,0.149,0.192,0.235,0.199,0.189,0.195,0.217,0.242,0.226,0.23,0.218,0.197,0.205,0.2,0.291,0.22,0.148,0.176,0.149,0.085,0.152,0.108,0.028,0.011,-0.089,-0.178,-0.208,-0.301,-0.343,-0.347,-0.396,-0.434,-0.487,-0.503,-0.473,-0.466,-0.418,-0.368,-0.387,-0.453,-0.49,-0.472,-0.529,-0.53,-0.477,-0.492,-0.519,-0.458,-0.401,-0.449,-0.434,-0.341,-0.327,-0.374,-0.316,-0.253,-0.285,-0.312,-0.328,-0.382,-0.408,-0.393,-0.467,-0.486,-0.42,-0.449,-0.512,-0.481,-0.423,-0.485,-0.501,-0.422,-0.416,-0.46,-0.402,-0.306,-0.193,-0.098
-0.064,-0.073,0.005,0.069,0.088,0.136,0.244,0.293,0.316,0.375,0.396,0.525,0.611,0.746,0.831,0.866,0.918,0.956,1,0.973,0.952,0.849,0.743,0.56,0.402,0.328,0.299,0.346,0.273,0.258,0.291,0.285,0.261,0.232,0.165,0.129,0.104,0.084,0.065,0.069,0.057,0.097,0.126,0.102,0.054,0.088,0.07,0.024,-0.033,-0.111,-0.173,-0.214,-0.244,-0.25,-0.252,-0.242,-0.264,-0.319,-0.286,-0.27,-0.331,-0.378,-0.391,-0.369,-0.311,-0.428,-0.337,-0.188,-0.036,0.081,0.081,0.122,0.182,0.189,0.232,0.276,0.253,0.251,0.262,0.279,0.296,0.278,0.271,0.251,0.234,0.225,0.204,0.27,0.179,0.102,0.147,0.137,0.091,0.17,0.152,0.086,0.079,-0.015,-0.103,-0.125,-0.238,-0.281,-0.298,-0.362,-0.379,-0.444,-0.466,-0.443,-0.42,-0.35,-0.306,-0.328,-0.404,-0.465,-0.455,-0.518,-0.532,-0.505,-0.521,-0.544,-0.505,-0.468,-0.507,-0.494,-0.424,-0.417,-0.452,-0.402,-0.351,-0.372,-0.392,-0.396,-0.44,-0.462,-0.443,-0.497,-0.515,-0.462,-0.474,-0.517,-0.493,-0.438,-0.476,-0.479,-0.405,-0.392,-0.415,-0.349,-0.258,-0.135,-0.059
-0.165,-0.179,-0.111,-0.054,-0.03,0.018,0.122,0.167,0.185,0.243,0.26,0.389,0.488,0.621,0.714,0.78,0.833,0.876,0.973,1,0.961,0.915,0.836,0.68,0.532,0.458,0.432,0.465,0.394,0.375,0.391,0.366,0.339,0.302,0.24,0.197,0.16,0.135,0.113,0.123,0.112,0.155,0.191,0.172,0.128,0.149,0.105,0.057,-0.012,-0.073,-0.138,-0.176,-0.214,-0.214,-0.213,-0.218,-0.25,-0.297,-0.259,-0.264,-0.341,-0.373,-0.4,-0.374,-0.313,-0.438,-0.387,-0.256,-0.106,0.001,0.029,0.069,0.134,0.162,0.211,0.251,0.238,0.247,0.26,0.269,0.279,0.263,0.248,0.225,0.21,0.193,0.157,0.204,0.113,0.048,0.098,0.098,0.071,0.154,0.151,0.101,0.104,0.023,-0.056,-0.069,-0.19,-0.228,-0.249,-0.321,-0.331,-0.402,-0.427,-0.411,-0.379,-0.299,-0.26,-0.282,-0.361,-0.423,-0.423,-0.477,-0.489,-0.481,-0.497,-0.509,-0.48,-0.462,-0.491,-0.473,-0.42,-0.422,-0.443,-0.4,-0.359,-0.369,-0.384,-0.378,-0.413,-0.434,-0.412,-0.453,-0.473,-0.43,-0.43,-0.465,-0.451,-0.398,-0.422,-0.425,-0.363,-0.342,-0.356,-0.301,-0.219,-0.095,-0.045
-0.134,-0.145,-0.075,-0.015,0.01,0.058,0.169,0.22,0.243,0.303,0.317,0.448,0.54,0.663,0.75,0.802,0.849,0.896,0.952,0.961,1,0.948,0.849,0.664,0.519,0.458,0.434,0.47,0.394,0.376,0.397,0.374,0.353,0.33,0.276,0.238,0.212,0.182,0.155,0.163,0.158,0.195,0.22,0.192,0.141,0.153,0.111,0.053,-0.014,-0.076,-0.157,-0.198,-0.23,-0.231,-0.234,-0.239,-0.271,-0.326,-0.296,-0.292,-0.365,-0.413,-0.446,-0.43,-0.378,-0.503,-0.436,-0.306,-0.17,-0.07,-0.062,-0.011,0.072,0.1,0.162,0.211,0.193,0.21,0.219,0.226,0.244,0.225,0.21,0.186,0.165,0.157,0.129,0.192,0.109,0.051,0.099,0.089,0.047,0.136,0.122,0.066,0.069,-0.025,-0.111,-0.133,-0.252,-0.294,-0.304,-0.382,-0.399,-0.466,-0.492,-0.469,-0.442,-0.368,-0.324,-0.341,-0.417,-0.46,-0.459,-0.503,-0.503,-0.482,-0.498,-0.504,-0.458,-0.43,-0.464,-0.439,-0.371,-0.371,-0.398,-0.347,-0.298,-0.313,-0.335,-0.331,-0.371,-0.399,-0.379,-0.435,-0.459,-0.407,-0.417,-0.469,-0.453,-0.396,-0.436,-0.453,-0.389,-0.369,-0.399,-0.353,-0.266,-0.139,-0.075
-0.286,-0.303,-0.245,-0.193,-0.166,-0.118,-0.014,0.035,0.054,0.111,0.12,0.249,0.353,0.47,0.56,0.642,0.695,0.75,0.849,0.915,0.948,1,0.946,0.817,0.703,0.648,0.633,0.647,0.578,0.555,0.551,0.501,0.477,0.444,0.394,0.345,0.301,0.255,0.218,0.235,0.239,0.282,0.317,0.294,0.253,0.244,0.174,0.107,0.025,-0.018,-0.115,-0.152,-0.196,-0.187,-0.186,-0.21,-0.26,-0.301,-0.266,-0.284,-0.376,-0.41,-0.469,-0.451,-0.404,-0.53,-0.512,-0.41,-0.296,-0.215,-0.172,-0.128,-0.046,0.005,0.077,0.122,0.114,0.148,0.157,0.151,0.162,0.144,0.123,0.099,0.079,0.068,0.025,0.063,-0.013,-0.049,0,0,-0.018,0.077,0.079,0.048,0.066,-0.008,-0.079,-0.089,-0.21,-0.234,-0.243,-0.325,-0.333,-0.4,-0.426,-0.407,-0.369,-0.295,-0.257,-0.268,-0.339,-0.371,-0.388,-0.412,-0.4,-0.402,-0.421,-0.406,-0.368,-0.366,-0.389,-0.353,-0.307,-0.321,-0.329,-0.285,-0.252,-0.252,-0.265,-0.247,-0.276,-0.302,-0.278,-0.317,-0.346,-0.305,-0.301,-0.346,-0.344,-0.288,-0.313,-0.338,-0.291,-0.259,-0.285,-0.264,-0.191,-0.082,-0.06
-0.433,-0.444,-0.392,-0.347,-0.33,-0.287,-0.192,-0.141,-0.121,-0.071,-0.063,0.07,0.171,0.299,0.396,0.484,0.56,0.634,0.743,0.836,0.849,0.946,1,0.934,0.857,0.795,0.771,0.759,0.695,0.662,0.643,0.583,0.547,0.505,0.451,0.381,0.32,0.271,0.231,0.248,0.249,0.295,0.337,0.324,0.305,0.278,0.181,0.11,0.018,-0.007,-0.113,-0.15,-0.196,-0.176,-0.171,-0.208,-0.264,-0.295,-0.257,-0.283,-0.376,-0.387,-0.454,-0.429,-0.379,-0.465,-0.458,-0.373,-0.298,-0.25,-0.178,-0.146,-0.061,-0.01,0.058,0.093,0.093,0.136,0.14,0.123,0.131,0.122,0.102,0.084,0.058,0.054,0.009,0.036,-0.023,-0.037,0.011,0.022,0.025,0.109,0.119,0.1,0.115,0.066,0.008,-0.001,-0.12,-0.145,-0.175,-0.259,-0.273,-0.341,-0.368,-0.349,-0.31,-0.24,-0.203,-0.211,-0.282,-0.306,-0.331,-0.343,-0.326,-0.339,-0.358,-0.335,-0.302,-0.312,-0.328,-0.291,-0.255,-0.274,-0.278,-0.244,-0.213,-0.204,-0.211,-0.187,-0.213,-0.238,-0.213,-0.244,-0.273,-0.239,-0.23,-0.269,-0.273,-0.221,-0.239,-0.266,-0.23,-0.196,-0.218,-0.209,-0.147,-0.045,-0.05
-0.571,-0.577,-0.533,-0.502,-0.499,-0.459,-0.38,-0.329,-0.307,-0.272,-0.265,-0.146,-0.055,0.074,0.171,0.263,0.359,0.439,0.56,0.68,0.664,0.817,0.934,1,0.945,0.874,0.875,0.836,0.782,0.753,0.714,0.642,0.603,0.542,0.485,0.407,0.32,0.265,0.219,0.233,0.238,0.281,0.341,0.348,0.358,0.324,0.213,0.144,0.051,0.033,-0.073,-0.102,-0.16,-0.129,-0.116,-0.172,-0.239,-0.247,-0.208,-0.253,-0.348,-0.337,-0.417,-0.385,-0.342,-0.398,-0.417,-0.353,-0.318,-0.287,-0.177,-0.157,-0.095,-0.041,0.014,0.034,0.042,0.091,0.09,0.065,0.066,0.063,0.042,0.029,0.003,0.005,-0.042,-0.042,-0.085,-0.075,-0.029,-0.003,0.031,0.105,0.131,0.135,0.158,0.137,0.099,0.094,-0.016,-0.027,-0.081,-0.155,-0.154,-0.215,-0.237,-0.223,-0.176,-0.114,-0.087,-0.088,-0.15,-0.171,-0.214,-0.218,-0.195,-0.229,-0.257,-0.223,-0.203,-0.24,-0.249,-0.208,-0.198,-0.23,-0.221,-0.198,-0.181,-0.156,-0.149,-0.116,-0.131,-0.147,-0.117,-0.126,-0.154,-0.131,-0.105,-0.129,-0.14,-0.091,-0.09,-0.114,-0.089,-0.047,-0.061,-0.066,-0.015,0.047,-0.004
-0.651,-0.667,-0.642,-0.62,-0.605,-0.57,-0.501,-0.46,-0.448,-0.414,-0.413,-0.302,-0.213,-0.095,0.009,0.113,0.214,0.292,0.402,0.532,0.519,0.703,0.857,0.945,1,0.975,0.946,0.891,0.856,0.811,0.76,0.679,0.635,0.578,0.541,0.462,0.375,0.324,0.28,0.29,0.296,0.328,0.377,0.377,0.388,0.328,0.199,0.129,0.036,0.044,-0.057,-0.075,-0.131,-0.099,-0.08,-0.149,-0.216,-0.205,-0.165,-0.22,-0.308,-0.288,-0.377,-0.341,-0.303,-0.334,-0.399,-0.38,-0.38,-0.406,-0.307,-0.32,-0.264,-0.218,-0.162,-0.149,-0.133,-0.074,-0.077,-0.111,-0.11,-0.111,-0.134,-0.14,-0.162,-0.149,-0.193,-0.191,-0.213,-0.184,-0.147,-0.127,-0.079,-0.004,0.031,0.061,0.092,0.1,0.08,0.09,0.014,0.012,-0.015,-0.082,-0.094,-0.142,-0.156,-0.136,-0.093,-0.057,-0.03,-0.015,-0.06,-0.044,-0.093,-0.069,-0.029,-0.064,-0.09,-0.041,-0.019,-0.065,-0.067,-0.022,-0.023,-0.059,-0.04,-0.029,-0.024,0.005,0.015,0.051,0.048,0.036,0.062,0.059,0.031,0.046,0.071,0.047,0.029,0.068,0.069,0.031,0.037,0.077,0.056,0.022,0.052,0.101,0.028
-0.681,-0.702,-0.688,-0.669,-0.648,-0.616,-0.549,-0.514,-0.508,-0.472,-0.475,-0.366,-0.277,-0.167,-0.051,0.063,0.163,0.229,0.328,0.458,0.458,0.648,0.795,0.874,0.975,1,0.972,0.932,0.91,0.863,0.815,0.732,0.691,0.642,0.62,0.542,0.46,0.408,0.36,0.37,0.38,0.405,0.452,0.451,0.456,0.379,0.233,0.159,0.06,0.091,-0.019,-0.036,-0.09,-0.06,-0.046,-0.122,-0.185,-0.171,-0.138,-0.196,-0.285,-0.271,-0.376,-0.348,-0.312,-0.342,-0.435,-0.437,-0.449,-0.498,-0.401,-0.421,-0.349,-0.302,-0.238,-0.22,-0.196,-0.124,-0.127,-0.169,-0.173,-0.175,-0.203,-0.211,-0.238,-0.229,-0.276,-0.269,-0.281,-0.237,-0.199,-0.185,-0.131,-0.048,-0.009,0.033,0.07,0.085,0.07,0.083,0.02,0.011,0,-0.074,-0.092,-0.136,-0.152,-0.132,-0.095,-0.063,-0.037,-0.019,-0.06,-0.026,-0.078,-0.036,0.014,-0.025,-0.046,0.015,0.04,-0.01,-0.006,0.045,0.041,0.004,0.028,0.036,0.038,0.068,0.077,0.116,0.118,0.103,0.127,0.125,0.093,0.104,0.128,0.101,0.074,0.11,0.111,0.063,0.054,0.097,0.074,0.02,0.042,0.099,0.017
-0.719,-0.733,-0.718,-0.701,-0.689,-0.658,-0.593,-0.552,-0.541,-0.511,-0.513,-0.404,-0.318,-0.207,-0.086,0.028,0.131,0.194,0.299,0.432,0.434,0.633,0.771,0.875,0.946,0.972,1,0.973,0.953,0.924,0.872,0.788,0.75,0.694,0.667,0.588,0.498,0.436,0.38,0.39,0.407,0.435,0.494,0.507,0.523,0.452,0.298,0.227,0.125,0.157,0.036,0.016,-0.045,-0.009,0.002,-0.082,-0.151,-0.14,-0.113,-0.177,-0.277,-0.265,-0.392,-0.374,-0.344,-0.382,-0.481,-0.482,-0.501,-0.53,-0.411,-0.415,-0.336,-0.275,-0.21,-0.19,-0.16,-0.082,-0.087,-0.135,-0.144,-0.145,-0.177,-0.19,-0.222,-0.221,-0.274,-0.276,-0.287,-0.233,-0.188,-0.167,-0.102,-0.018,0.029,0.076,0.118,0.131,0.113,0.119,0.042,0.03,0.002,-0.078,-0.081,-0.127,-0.148,-0.136,-0.093,-0.053,-0.034,-0.023,-0.064,-0.038,-0.099,-0.051,-0.002,-0.056,-0.08,-0.009,0.01,-0.052,-0.042,0.014,0.001,-0.041,-0.009,-0.001,-0.002,0.034,0.045,0.092,0.096,0.079,0.107,0.113,0.077,0.083,0.117,0.093,0.059,0.097,0.109,0.06,0.046,0.099,0.082,0.024,0.045,0.096,-0.009
-0.71,-0.729,-0.709,-0.69,-0.672,-0.637,-0.562,-0.52,-0.511,-0.475,-0.48,-0.363,-0.275,-0.158,-0.025,0.089,0.195,0.251,0.346,0.465,0.47,0.647,0.759,0.836,0.891,0.932,0.973,1,0.983,0.958,0.929,0.851,0.812,0.76,0.72,0.637,0.549,0.476,0.411,0.426,0.45,0.483,0.552,0.568,0.58,0.521,0.372,0.292,0.183,0.206,0.059,0.026,-0.041,-0.011,-0.01,-0.094,-0.157,-0.152,-0.132,-0.19,-0.294,-0.293,-0.426,-0.417,-0.381,-0.422,-0.509,-0.496,-0.502,-0.518,-0.393,-0.386,-0.29,-0.233,-0.163,-0.142,-0.112,-0.032,-0.036,-0.087,-0.099,-0.103,-0.132,-0.145,-0.183,-0.184,-0.239,-0.23,-0.242,-0.188,-0.141,-0.119,-0.055,0.029,0.066,0.105,0.141,0.142,0.109,0.108,0.02,-0.009,-0.041,-0.137,-0.145,-0.199,-0.224,-0.21,-0.17,-0.123,-0.098,-0.094,-0.145,-0.122,-0.18,-0.133,-0.083,-0.134,-0.155,-0.083,-0.057,-0.112,-0.105,-0.044,-0.044,-0.084,-0.058,-0.043,-0.032,0.001,0.006,0.052,0.047,0.025,0.053,0.049,0.009,0.02,0.05,0.018,-0.018,0.025,0.031,-0.022,-0.034,0.021,0.001,-0.056,-0.027,0.036,-0.063
-0.728,-0.751,-0.737,-0.723,-0.701,-0.664,-0.59,-0.55,-0.547,-0.513,-0.525,-0.41,-0.322,-0.216,-0.076,0.046,0.146,0.186,0.273,0.394,0.394,0.578,0.695,0.782,0.856,0.91,0.953,0.983,1,0.984,0.953,0.885,0.845,0.796,0.76,0.676,0.585,0.507,0.437,0.451,0.482,0.512,0.583,0.605,0.62,0.555,0.4,0.323,0.215,0.247,0.094,0.065,-0.003,0.029,0.029,-0.058,-0.119,-0.112,-0.093,-0.152,-0.261,-0.261,-0.398,-0.398,-0.372,-0.405,-0.49,-0.485,-0.506,-0.536,-0.407,-0.407,-0.317,-0.27,-0.202,-0.18,-0.148,-0.067,-0.068,-0.119,-0.13,-0.133,-0.165,-0.177,-0.212,-0.21,-0.265,-0.256,-0.259,-0.201,-0.159,-0.142,-0.085,-0.009,0.021,0.062,0.101,0.11,0.092,0.099,0.03,0.006,-0.019,-0.106,-0.121,-0.171,-0.197,-0.186,-0.151,-0.11,-0.088,-0.084,-0.13,-0.101,-0.161,-0.106,-0.054,-0.107,-0.127,-0.05,-0.025,-0.083,-0.072,-0.011,-0.015,-0.055,-0.026,-0.013,-0.005,0.029,0.035,0.082,0.078,0.057,0.084,0.083,0.042,0.05,0.082,0.05,0.011,0.051,0.059,0.003,-0.015,0.041,0.021,-0.043,-0.02,0.041,-0.051
-0.717,-0.739,-0.723,-0.713,-0.692,-0.65,-0.572,-0.529,-0.527,-0.497,-0.513,-0.399,-0.313,-0.213,-0.07,0.05,0.145,0.174,0.258,0.375,0.376,0.555,0.662,0.753,0.811,0.863,0.924,0.958,0.984,1,0.977,0.924,0.893,0.844,0.803,0.724,0.631,0.545,0.468,0.486,0.523,0.557,0.635,0.662,0.68,0.62,0.468,0.384,0.277,0.305,0.129,0.097,0.029,0.065,0.061,-0.025,-0.087,-0.088,-0.072,-0.13,-0.247,-0.26,-0.405,-0.424,-0.41,-0.448,-0.515,-0.5,-0.523,-0.535,-0.397,-0.384,-0.291,-0.239,-0.167,-0.143,-0.11,-0.028,-0.029,-0.082,-0.093,-0.098,-0.131,-0.145,-0.182,-0.182,-0.234,-0.223,-0.228,-0.168,-0.123,-0.111,-0.062,0.013,0.036,0.072,0.114,0.116,0.098,0.098,0.024,-0.003,-0.04,-0.125,-0.135,-0.189,-0.221,-0.219,-0.185,-0.136,-0.12,-0.123,-0.17,-0.148,-0.21,-0.156,-0.104,-0.162,-0.182,-0.102,-0.076,-0.135,-0.124,-0.059,-0.06,-0.1,-0.07,-0.052,-0.042,-0.009,-0.005,0.044,0.037,0.013,0.043,0.04,-0.005,0.005,0.039,0.005,-0.037,0.006,0.016,-0.041,-0.058,0.002,-0.017,-0.079,-0.052,0.01,-0.078
-0.689,-0.716,-0.697,-0.686,-0.658,-0.612,-0.528,-0.486,-0.488,-0.452,-0.469,-0.35,-0.261,-0.157,-0.008,0.11,0.204,0.226,0.291,0.391,0.397,0.551,0.643,0.714,0.76,0.815,0.872,0.929,0.953,0.977,1,0.97,0.944,0.906,0.854,0.776,0.688,0.591,0.506,0.526,0.569,0.605,0.693,0.726,0.746,0.695,0.553,0.453,0.338,0.352,0.14,0.089,0.018,0.051,0.035,-0.046,-0.102,-0.116,-0.108,-0.149,-0.271,-0.303,-0.449,-0.483,-0.47,-0.495,-0.532,-0.5,-0.524,-0.519,-0.378,-0.347,-0.241,-0.191,-0.109,-0.088,-0.057,0.023,0.021,-0.031,-0.04,-0.046,-0.075,-0.085,-0.126,-0.121,-0.172,-0.151,-0.153,-0.093,-0.051,-0.045,-0.007,0.06,0.062,0.085,0.117,0.105,0.076,0.063,-0.019,-0.063,-0.106,-0.2,-0.219,-0.277,-0.315,-0.315,-0.287,-0.236,-0.217,-0.226,-0.278,-0.252,-0.313,-0.254,-0.195,-0.243,-0.263,-0.179,-0.137,-0.186,-0.18,-0.106,-0.088,-0.128,-0.105,-0.074,-0.051,-0.019,-0.022,0.026,0.005,-0.028,0.004,-0.016,-0.068,-0.049,-0.022,-0.073,-0.117,-0.065,-0.068,-0.138,-0.151,-0.087,-0.118,-0.183,-0.146,-0.079,-0.154
-0.607,-0.636,-0.615,-0.61,-0.579,-0.526,-0.438,-0.396,-0.404,-0.37,-0.394,-0.278,-0.196,-0.103,0.047,0.155,0.236,0.243,0.285,0.366,0.374,0.501,0.583,0.642,0.679,0.732,0.788,0.851,0.885,0.924,0.97,1,0.987,0.951,0.901,0.837,0.746,0.652,0.562,0.574,0.622,0.644,0.73,0.775,0.798,0.756,0.621,0.513,0.4,0.406,0.17,0.105,0.039,0.071,0.043,-0.029,-0.074,-0.107,-0.108,-0.135,-0.26,-0.31,-0.454,-0.509,-0.506,-0.532,-0.529,-0.479,-0.509,-0.485,-0.333,-0.297,-0.186,-0.156,-0.072,-0.049,-0.018,0.063,0.059,0.007,0.003,-0.001,-0.033,-0.043,-0.09,-0.083,-0.13,-0.09,-0.079,-0.013,0.027,0.02,0.043,0.107,0.091,0.105,0.142,0.119,0.09,0.056,-0.027,-0.095,-0.162,-0.255,-0.276,-0.335,-0.381,-0.393,-0.374,-0.317,-0.304,-0.326,-0.378,-0.358,-0.418,-0.359,-0.298,-0.34,-0.362,-0.274,-0.221,-0.262,-0.261,-0.179,-0.146,-0.185,-0.166,-0.123,-0.089,-0.061,-0.069,-0.023,-0.056,-0.095,-0.061,-0.093,-0.153,-0.125,-0.101,-0.165,-0.211,-0.151,-0.162,-0.239,-0.248,-0.179,-0.217,-0.28,-0.233,-0.164,-0.21
-0.574,-0.605,-0.585,-0.587,-0.554,-0.497,-0.41,-0.368,-0.38,-0.348,-0.377,-0.269,-0.19,-0.107,0.04,0.146,0.218,0.22,0.261,0.339,0.353,0.477,0.547,0.603,0.635,0.691,0.75,0.812,0.845,0.893,0.944,0.987,1,0.974,0.931,0.889,0.807,0.718,0.627,0.633,0.685,0.694,0.774,0.826,0.845,0.807,0.679,0.572,0.465,0.467,0.217,0.148,0.081,0.108,0.072,-0.005,-0.044,-0.079,-0.093,-0.12,-0.242,-0.303,-0.454,-0.522,-0.522,-0.556,-0.543,-0.487,-0.516,-0.482,-0.326,-0.29,-0.183,-0.156,-0.068,-0.043,-0.01,0.075,0.07,0.013,0.006,-0.001,-0.033,-0.047,-0.098,-0.093,-0.134,-0.088,-0.075,-0.006,0.037,0.028,0.049,0.118,0.098,0.111,0.149,0.118,0.084,0.04,-0.046,-0.12,-0.193,-0.285,-0.3,-0.355,-0.403,-0.422,-0.404,-0.344,-0.337,-0.364,-0.413,-0.394,-0.457,-0.393,-0.33,-0.376,-0.396,-0.303,-0.248,-0.29,-0.287,-0.201,-0.165,-0.204,-0.184,-0.137,-0.102,-0.075,-0.085,-0.037,-0.072,-0.114,-0.078,-0.113,-0.176,-0.148,-0.123,-0.19,-0.24,-0.178,-0.188,-0.27,-0.282,-0.209,-0.246,-0.313,-0.265,-0.196,-0.236
-0.546,-0.576,-0.556,-0.562,-0.529,-0.469,-0.379,-0.334,-0.348,-0.316,-0.35,-0.243,-0.169,-0.102,0.034,0.134,0.193,0.2,0.232,0.302,0.33,0.444,0.505,0.542,0.578,0.642,0.694,0.76,0.796,0.844,0.906,0.951,0.974,1,0.974,0.936,0.887,0.797,0.71,0.728,0.779,0.793,0.858,0.886,0.889,0.819,0.685,0.547,0.44,0.453,0.167,0.1,0.039,0.076,0.038,-0.038,-0.083,-0.124,-0.144,-0.165,-0.287,-0.348,-0.496,-0.567,-0.568,-0.57,-0.526,-0.473,-0.535,-0.516,-0.376,-0.324,-0.197,-0.169,-0.054,-0.026,0.002,0.088,0.077,0.018,0.02,0.018,-0.009,-0.02,-0.079,-0.063,-0.097,-0.033,-0.003,0.071,0.107,0.084,0.089,0.146,0.102,0.102,0.136,0.085,0.036,-0.032,-0.127,-0.218,-0.298,-0.385,-0.405,-0.455,-0.499,-0.516,-0.496,-0.446,-0.44,-0.453,-0.49,-0.454,-0.518,-0.443,-0.363,-0.397,-0.419,-0.317,-0.241,-0.275,-0.279,-0.181,-0.127,-0.169,-0.155,-0.099,-0.051,-0.023,-0.039,0.011,-0.035,-0.085,-0.048,-0.1,-0.172,-0.133,-0.116,-0.203,-0.256,-0.185,-0.212,-0.313,-0.323,-0.246,-0.303,-0.382,-0.326,-0.242,-0.261
-0.539,-0.567,-0.555,-0.566,-0.536,-0.482,-0.4,-0.356,-0.369,-0.345,-0.38,-0.282,-0.217,-0.161,-0.027,0.071,0.127,0.132,0.165,0.24,0.276,0.394,0.451,0.485,0.541,0.62,0.667,0.72,0.76,0.803,0.854,0.901,0.931,0.974,1,0.98,0.944,0.888,0.824,0.834,0.867,0.863,0.897,0.906,0.886,0.781,0.612,0.483,0.383,0.447,0.189,0.135,0.08,0.122,0.088,0,-0.05,-0.083,-0.108,-0.147,-0.269,-0.32,-0.473,-0.533,-0.528,-0.544,-0.537,-0.508,-0.572,-0.577,-0.44,-0.397,-0.258,-0.226,-0.1,-0.074,-0.041,0.054,0.038,-0.027,-0.027,-0.022,-0.059,-0.072,-0.126,-0.113,-0.148,-0.08,-0.043,0.039,0.085,0.062,0.081,0.154,0.124,0.14,0.183,0.136,0.09,0.012,-0.079,-0.189,-0.28,-0.374,-0.386,-0.432,-0.474,-0.495,-0.469,-0.418,-0.42,-0.425,-0.454,-0.415,-0.483,-0.397,-0.317,-0.365,-0.384,-0.274,-0.208,-0.254,-0.247,-0.148,-0.109,-0.153,-0.128,-0.084,-0.046,-0.014,-0.027,0.029,-0.006,-0.054,-0.018,-0.058,-0.13,-0.102,-0.078,-0.157,-0.218,-0.154,-0.168,-0.268,-0.292,-0.212,-0.259,-0.345,-0.3,-0.193,-0.218
-0.475,-0.507,-0.498,-0.518,-0.485,-0.429,-0.351,-0.31,-0.327,-0.31,-0.35,-0.266,-0.207,-0.166,-0.039,0.056,0.102,0.097,0.129,0.197,0.238,0.345,0.381,0.407,0.462,0.542,0.588,0.637,0.676,0.724,0.776,0.837,0.889,0.936,0.98,1,0.977,0.943,0.886,0.884,0.915,0.885,0.903,0.917,0.886,0.791,0.633,0.522,0.436,0.497,0.25,0.196,0.142,0.174,0.133,0.038,-0.001,-0.03,-0.069,-0.113,-0.226,-0.282,-0.432,-0.5,-0.495,-0.529,-0.524,-0.496,-0.547,-0.547,-0.411,-0.378,-0.25,-0.226,-0.105,-0.08,-0.045,0.05,0.033,-0.035,-0.039,-0.035,-0.072,-0.09,-0.142,-0.133,-0.161,-0.088,-0.053,0.027,0.076,0.053,0.075,0.155,0.127,0.146,0.189,0.138,0.089,0.005,-0.082,-0.196,-0.29,-0.382,-0.386,-0.426,-0.466,-0.492,-0.468,-0.417,-0.425,-0.436,-0.46,-0.426,-0.492,-0.403,-0.328,-0.381,-0.395,-0.283,-0.223,-0.269,-0.258,-0.16,-0.125,-0.164,-0.137,-0.094,-0.058,-0.031,-0.047,0.008,-0.023,-0.071,-0.036,-0.073,-0.145,-0.122,-0.097,-0.171,-0.236,-0.177,-0.186,-0.283,-0.314,-0.235,-0.274,-0.36,-0.322,-0.214,-0.235
-0.414,-0.448,-0.444,-0.466,-0.43,-0.375,-0.3,-0.262,-0.283,-0.265,-0.307,-0.231,-0.178,-0.15,-0.038,0.049,0.084,0.081,0.104,0.16,0.212,0.301,0.32,0.32,0.375,0.46,0.498,0.549,0.585,0.631,0.688,0.746,0.807,0.887,0.944,0.977,1,0.971,0.924,0.93,0.958,0.928,0.927,0.917,0.867,0.76,0.615,0.496,0.419,0.481,0.224,0.173,0.126,0.159,0.118,0.025,-0.012,-0.041,-0.085,-0.123,-0.226,-0.282,-0.422,-0.491,-0.487,-0.504,-0.482,-0.462,-0.527,-0.537,-0.429,-0.392,-0.262,-0.237,-0.105,-0.079,-0.049,0.041,0.021,-0.045,-0.043,-0.036,-0.065,-0.083,-0.135,-0.122,-0.141,-0.059,-0.018,0.056,0.098,0.068,0.078,0.145,0.103,0.11,0.146,0.08,0.018,-0.076,-0.165,-0.282,-0.366,-0.448,-0.455,-0.486,-0.518,-0.541,-0.517,-0.478,-0.489,-0.488,-0.499,-0.449,-0.513,-0.414,-0.329,-0.371,-0.383,-0.268,-0.196,-0.233,-0.224,-0.123,-0.076,-0.114,-0.091,-0.043,-0.001,0.023,0.002,0.055,0.019,-0.032,-0.001,-0.048,-0.123,-0.095,-0.078,-0.164,-0.23,-0.17,-0.19,-0.299,-0.331,-0.253,-0.303,-0.399,-0.361,-0.249,-0.255
-0.384,-0.412,-0.407,-0.433,-0.407,-0.356,-0.289,-0.249,-0.267,-0.261,-0.299,-0.232,-0.191,-0.162,-0.055,0.021,0.062,0.06,0.084,0.135,0.182,0.255,0.271,0.265,0.324,0.408,0.436,0.476,0.507,0.545,0.591,0.652,0.718,0.797,0.888,0.943,0.971,1,0.986,0.968,0.964,0.905,0.874,0.856,0.788,0.668,0.498,0.407,0.34,0.439,0.24,0.202,0.159,0.192,0.156,0.052,0.015,-0.002,-0.05,-0.109,-0.201,-0.239,-0.369,-0.419,-0.401,-0.44,-0.448,-0.439,-0.485,-0.508,-0.404,-0.385,-0.255,-0.234,-0.106,-0.087,-0.054,0.035,0.01,-0.056,-0.058,-0.043,-0.08,-0.102,-0.146,-0.137,-0.15,-0.064,-0.028,0.042,0.096,0.072,0.102,0.186,0.163,0.184,0.223,0.164,0.106,0.005,-0.08,-0.216,-0.316,-0.408,-0.406,-0.435,-0.462,-0.488,-0.458,-0.414,-0.429,-0.426,-0.436,-0.4,-0.46,-0.367,-0.298,-0.352,-0.359,-0.251,-0.199,-0.243,-0.226,-0.135,-0.106,-0.139,-0.109,-0.078,-0.046,-0.022,-0.04,0.014,-0.01,-0.055,-0.026,-0.057,-0.124,-0.11,-0.086,-0.153,-0.22,-0.171,-0.173,-0.265,-0.305,-0.231,-0.262,-0.346,-0.318,-0.182,-0.19
-0.356,-0.378,-0.374,-0.401,-0.382,-0.337,-0.276,-0.236,-0.251,-0.252,-0.286,-0.226,-0.194,-0.167,-0.07,-0.007,0.037,0.038,0.065,0.113,0.155,0.218,0.231,0.219,0.28,0.36,0.38,0.411,0.437,0.468,0.506,0.562,0.627,0.71,0.824,0.886,0.924,0.986,1,0.983,0.954,0.892,0.836,0.799,0.714,0.58,0.396,0.316,0.255,0.381,0.216,0.191,0.153,0.191,0.163,0.059,0.017,0.006,-0.039,-0.107,-0.196,-0.218,-0.335,-0.366,-0.337,-0.384,-0.408,-0.41,-0.447,-0.481,-0.382,-0.368,-0.238,-0.213,-0.085,-0.074,-0.041,0.042,0.013,-0.051,-0.054,-0.033,-0.072,-0.092,-0.129,-0.12,-0.129,-0.045,-0.011,0.053,0.112,0.092,0.134,0.223,0.21,0.235,0.274,0.217,0.16,0.054,-0.032,-0.179,-0.291,-0.386,-0.377,-0.404,-0.427,-0.453,-0.418,-0.372,-0.391,-0.384,-0.389,-0.363,-0.42,-0.332,-0.273,-0.334,-0.338,-0.235,-0.197,-0.246,-0.223,-0.14,-0.123,-0.154,-0.12,-0.1,-0.074,-0.049,-0.064,-0.01,-0.025,-0.065,-0.038,-0.059,-0.121,-0.115,-0.087,-0.14,-0.207,-0.166,-0.157,-0.237,-0.281,-0.21,-0.228,-0.305,-0.284,-0.133,-0.144
-0.361,-0.384,-0.378,-0.406,-0.387,-0.339,-0.275,-0.233,-0.249,-0.249,-0.284,-0.221,-0.187,-0.163,-0.073,-0.009,0.032,0.035,0.069,0.123,0.163,0.235,0.248,0.233,0.29,0.37,0.39,0.426,0.451,0.486,0.526,0.574,0.633,0.728,0.834,0.884,0.93,0.968,0.983,1,0.982,0.952,0.898,0.842,0.75,0.61,0.432,0.33,0.265,0.387,0.188,0.164,0.128,0.171,0.143,0.049,0.002,-0.017,-0.053,-0.111,-0.209,-0.236,-0.348,-0.384,-0.356,-0.393,-0.409,-0.41,-0.455,-0.485,-0.382,-0.357,-0.224,-0.187,-0.055,-0.045,-0.013,0.067,0.039,-0.025,-0.03,-0.01,-0.043,-0.06,-0.098,-0.084,-0.095,-0.013,0.024,0.087,0.144,0.121,0.159,0.239,0.213,0.233,0.268,0.205,0.143,0.03,-0.067,-0.212,-0.329,-0.421,-0.413,-0.444,-0.467,-0.495,-0.457,-0.41,-0.431,-0.42,-0.423,-0.394,-0.455,-0.364,-0.3,-0.36,-0.366,-0.259,-0.214,-0.263,-0.243,-0.153,-0.131,-0.166,-0.133,-0.107,-0.077,-0.051,-0.066,-0.011,-0.031,-0.073,-0.043,-0.069,-0.135,-0.124,-0.097,-0.157,-0.226,-0.178,-0.174,-0.26,-0.301,-0.226,-0.25,-0.331,-0.304,-0.156,-0.165
