Dynami,c Cross,#NAME?,ation M,atrix f,or 151,selecte,d units,,,,,,,,,,,,,,,,,,,,,,,,,,,,,,,,,,,,,,,,,,,,,,,,,,,,,,,,,,,,,,,,,,,,,,,,,,,,,,,,,,,,,,,,,,,,,,,,,,,,,,,,,,,,,,,,,,,,,,,,,,,,,,,,,,,,,,,,,,,,,,,
1,0.961,0.892,0.76,0.67,0.77,0.753,0.627,0.526,0.392,0.423,0.233,0.263,0.272,0.056,-0.067,-0.031,-0.314,-0.461,-0.339,-0.389,-0.399,-0.51,-0.548,-0.606,-0.639,-0.686,-0.658,-0.68,-0.666,-0.643,-0.591,-0.576,-0.589,-0.601,-0.578,-0.599,-0.584,-0.602,-0.563,-0.385,-0.451,-0.574,-0.603,-0.496,-0.373,-0.296,-0.3,-0.207,-0.24,-0.551,-0.645,-0.665,-0.624,-0.621,-0.656,-0.628,-0.594,-0.564,-0.597,-0.65,-0.604,-0.629,-0.652,-0.447,-0.251,-0.338,-0.435,-0.414,-0.447,-0.394,-0.396,-0.107,-0.289,-0.386,-0.371,-0.452,-0.488,-0.543,-0.572,-0.649,-0.636,-0.651,-0.677,-0.539,-0.375,-0.312,-0.279,-0.119,0.061,-0.033,0.088,0.198,0.259,0.244,0.249,0.19,0.156,0.229,0.029,-0.043,-0.288,-0.463,-0.328,-0.267,-0.362,-0.141,-0.479,-0.35,-0.222,-0.159,-0.364,-0.122,0.132,-0.001,-0.03,-0.069,-0.241,-0.261,-0.343,-0.379,-0.383,-0.263,-0.08,-0.113,-0.131,-0.067,0.14,0.044,0.123,-0.095,-0.338,-0.336,0.118,0.417,0.547,0.594,0.612,0.586,0.57,0.603,0.48,0.354,0.447,0.529,0.546,0.434,0.297,0.341,0.332,0.433
0.961,1,0.952,0.828,0.723,0.82,0.811,0.67,0.54,0.412,0.49,0.289,0.305,0.346,0.137,-0.025,-0.007,-0.302,-0.481,-0.377,-0.473,-0.474,-0.577,-0.604,-0.649,-0.661,-0.706,-0.662,-0.672,-0.655,-0.634,-0.584,-0.578,-0.599,-0.607,-0.574,-0.595,-0.574,-0.575,-0.517,-0.336,-0.421,-0.543,-0.563,-0.481,-0.371,-0.319,-0.343,-0.253,-0.299,-0.607,-0.707,-0.722,-0.674,-0.689,-0.696,-0.656,-0.615,-0.589,-0.634,-0.694,-0.654,-0.66,-0.683,-0.48,-0.308,-0.399,-0.502,-0.483,-0.491,-0.439,-0.418,-0.128,-0.312,-0.423,-0.401,-0.501,-0.54,-0.591,-0.61,-0.683,-0.661,-0.688,-0.7,-0.587,-0.442,-0.394,-0.329,-0.212,0.001,-0.071,0.066,0.2,0.289,0.293,0.294,0.202,0.158,0.255,0.034,-0.114,-0.381,-0.536,-0.4,-0.281,-0.314,-0.073,-0.435,-0.311,-0.165,-0.117,-0.359,-0.121,0.09,-0.071,-0.12,-0.158,-0.323,-0.348,-0.421,-0.427,-0.434,-0.338,-0.119,-0.147,-0.107,-0.003,0.206,0.137,0.201,-0.051,-0.352,-0.347,0.078,0.355,0.51,0.582,0.64,0.612,0.589,0.6,0.426,0.287,0.429,0.558,0.608,0.515,0.398,0.412,0.341,0.42
0.892,0.952,1,0.95,0.868,0.907,0.86,0.713,0.526,0.362,0.485,0.26,0.235,0.303,0.115,-0.097,-0.129,-0.453,-0.628,-0.492,-0.535,-0.533,-0.615,-0.609,-0.622,-0.595,-0.675,-0.578,-0.6,-0.585,-0.541,-0.499,-0.505,-0.536,-0.549,-0.53,-0.553,-0.531,-0.533,-0.483,-0.329,-0.406,-0.505,-0.549,-0.475,-0.306,-0.223,-0.338,-0.208,-0.23,-0.583,-0.707,-0.724,-0.699,-0.731,-0.711,-0.663,-0.65,-0.645,-0.695,-0.753,-0.725,-0.717,-0.731,-0.556,-0.333,-0.4,-0.467,-0.443,-0.461,-0.396,-0.443,-0.156,-0.358,-0.355,-0.356,-0.503,-0.574,-0.594,-0.611,-0.703,-0.67,-0.713,-0.664,-0.543,-0.458,-0.42,-0.365,-0.223,-0.044,-0.189,-0.112,0.024,0.123,0.14,0.144,0.038,-0.003,0.124,-0.088,-0.23,-0.429,-0.507,-0.423,-0.28,-0.204,0.061,-0.326,-0.199,-0.036,0.008,-0.274,-0.044,0.142,-0.044,-0.074,-0.102,-0.284,-0.292,-0.363,-0.389,-0.409,-0.301,-0.115,-0.159,-0.118,-0.032,0.121,0.069,0.152,-0.056,-0.331,-0.338,0.102,0.364,0.52,0.607,0.653,0.63,0.61,0.604,0.421,0.29,0.46,0.586,0.634,0.568,0.447,0.471,0.426,0.471
0.76,0.828,0.95,1,0.969,0.946,0.866,0.754,0.544,0.362,0.495,0.245,0.214,0.284,0.075,-0.162,-0.202,-0.546,-0.726,-0.56,-0.541,-0.542,-0.601,-0.573,-0.562,-0.517,-0.618,-0.485,-0.521,-0.521,-0.453,-0.425,-0.445,-0.483,-0.492,-0.484,-0.499,-0.471,-0.464,-0.413,-0.278,-0.353,-0.449,-0.508,-0.433,-0.23,-0.113,-0.306,-0.149,-0.136,-0.517,-0.655,-0.673,-0.681,-0.724,-0.681,-0.63,-0.651,-0.665,-0.719,-0.771,-0.765,-0.745,-0.745,-0.633,-0.375,-0.395,-0.421,-0.389,-0.416,-0.35,-0.442,-0.18,-0.394,-0.281,-0.316,-0.487,-0.572,-0.557,-0.582,-0.694,-0.652,-0.701,-0.588,-0.45,-0.427,-0.377,-0.373,-0.198,-0.069,-0.284,-0.291,-0.162,-0.061,-0.038,-0.032,-0.137,-0.172,-0.027,-0.204,-0.322,-0.432,-0.417,-0.395,-0.259,-0.09,0.178,-0.202,-0.079,0.094,0.143,-0.171,0.036,0.194,0.005,-0.045,-0.058,-0.233,-0.231,-0.291,-0.328,-0.354,-0.246,-0.088,-0.14,-0.103,-0.057,0.012,-0.022,0.073,-0.06,-0.265,-0.286,0.14,0.361,0.501,0.593,0.613,0.604,0.599,0.571,0.391,0.282,0.476,0.587,0.624,0.591,0.454,0.507,0.525,0.519
0.67,0.723,0.868,0.969,1,0.937,0.828,0.765,0.555,0.369,0.504,0.252,0.238,0.281,0.037,-0.186,-0.211,-0.561,-0.739,-0.562,-0.495,-0.502,-0.549,-0.513,-0.494,-0.449,-0.569,-0.422,-0.47,-0.486,-0.411,-0.392,-0.409,-0.446,-0.458,-0.462,-0.46,-0.431,-0.426,-0.386,-0.257,-0.32,-0.423,-0.49,-0.403,-0.181,-0.045,-0.289,-0.095,-0.046,-0.437,-0.576,-0.593,-0.63,-0.671,-0.625,-0.582,-0.632,-0.665,-0.713,-0.752,-0.757,-0.731,-0.723,-0.665,-0.391,-0.368,-0.375,-0.34,-0.38,-0.321,-0.441,-0.2,-0.415,-0.226,-0.294,-0.459,-0.546,-0.508,-0.538,-0.664,-0.616,-0.663,-0.513,-0.357,-0.375,-0.316,-0.356,-0.16,-0.084,-0.343,-0.41,-0.295,-0.202,-0.181,-0.173,-0.268,-0.296,-0.153,-0.295,-0.368,-0.399,-0.319,-0.349,-0.248,-0.022,0.23,-0.113,0.006,0.171,0.223,-0.105,0.094,0.238,0.037,-0.031,-0.02,-0.191,-0.18,-0.222,-0.256,-0.282,-0.175,-0.037,-0.113,-0.088,-0.07,-0.065,-0.079,0.025,-0.032,-0.17,-0.199,0.199,0.359,0.47,0.558,0.551,0.561,0.574,0.528,0.366,0.285,0.483,0.566,0.582,0.566,0.423,0.51,0.592,0.55
0.77,0.82,0.907,0.946,0.937,1,0.939,0.827,0.686,0.52,0.612,0.398,0.367,0.38,0.149,-0.029,-0.081,-0.46,-0.685,-0.505,-0.521,-0.532,-0.602,-0.583,-0.58,-0.552,-0.663,-0.541,-0.587,-0.623,-0.52,-0.51,-0.535,-0.576,-0.581,-0.574,-0.588,-0.53,-0.507,-0.425,-0.278,-0.361,-0.471,-0.553,-0.462,-0.24,-0.12,-0.329,-0.163,-0.116,-0.496,-0.671,-0.705,-0.739,-0.777,-0.73,-0.69,-0.728,-0.744,-0.808,-0.84,-0.823,-0.79,-0.808,-0.711,-0.477,-0.411,-0.467,-0.47,-0.521,-0.478,-0.543,-0.243,-0.476,-0.319,-0.369,-0.531,-0.599,-0.581,-0.615,-0.743,-0.686,-0.725,-0.622,-0.468,-0.425,-0.347,-0.357,-0.165,-0.029,-0.237,-0.244,-0.115,-0.018,0.004,0.006,-0.095,-0.122,0.022,-0.15,-0.28,-0.425,-0.418,-0.383,-0.25,-0.101,0.173,-0.212,-0.072,0.097,0.153,-0.196,0.027,0.203,-0.006,-0.12,-0.129,-0.304,-0.321,-0.377,-0.382,-0.39,-0.299,-0.078,-0.123,-0.067,-0.012,0.062,0.029,0.118,-0.032,-0.257,-0.268,0.159,0.358,0.501,0.598,0.627,0.625,0.633,0.6,0.401,0.295,0.515,0.633,0.67,0.627,0.483,0.55,0.572,0.532
0.753,0.811,0.86,0.866,0.828,0.939,1,0.925,0.835,0.691,0.726,0.531,0.504,0.441,0.205,0.124,0.086,-0.351,-0.604,-0.488,-0.57,-0.56,-0.643,-0.624,-0.623,-0.597,-0.697,-0.595,-0.628,-0.69,-0.583,-0.598,-0.644,-0.683,-0.664,-0.631,-0.618,-0.546,-0.481,-0.363,-0.189,-0.299,-0.457,-0.526,-0.423,-0.269,-0.247,-0.388,-0.265,-0.236,-0.555,-0.736,-0.746,-0.752,-0.804,-0.744,-0.682,-0.701,-0.699,-0.779,-0.821,-0.819,-0.769,-0.802,-0.758,-0.614,-0.535,-0.573,-0.581,-0.596,-0.591,-0.574,-0.314,-0.536,-0.43,-0.464,-0.559,-0.625,-0.62,-0.635,-0.744,-0.686,-0.743,-0.675,-0.547,-0.497,-0.422,-0.375,-0.247,-0.072,-0.161,-0.133,-0.002,0.107,0.143,0.15,0.033,-0.011,0.127,-0.032,-0.219,-0.44,-0.459,-0.365,-0.19,-0.092,0.15,-0.229,-0.093,0.077,0.128,-0.222,-0.01,0.139,-0.068,-0.255,-0.275,-0.423,-0.473,-0.521,-0.478,-0.456,-0.411,-0.096,-0.099,0.025,0.128,0.241,0.201,0.26,0.048,-0.262,-0.251,0.122,0.29,0.446,0.543,0.627,0.625,0.627,0.587,0.349,0.231,0.487,0.653,0.712,0.676,0.572,0.613,0.538,0.469
0.627,0.67,0.713,0.754,0.765,0.827,0.925,1,0.925,0.795,0.798,0.589,0.627,0.473,0.155,0.169,0.22,-0.262,-0.512,-0.468,-0.501,-0.464,-0.549,-0.538,-0.547,-0.532,-0.651,-0.557,-0.612,-0.671,-0.578,-0.597,-0.65,-0.685,-0.649,-0.616,-0.578,-0.538,-0.456,-0.336,-0.156,-0.283,-0.484,-0.536,-0.423,-0.319,-0.32,-0.423,-0.329,-0.272,-0.52,-0.677,-0.667,-0.665,-0.702,-0.646,-0.595,-0.621,-0.611,-0.675,-0.711,-0.723,-0.67,-0.711,-0.771,-0.657,-0.596,-0.604,-0.602,-0.584,-0.597,-0.516,-0.313,-0.529,-0.456,-0.485,-0.478,-0.554,-0.553,-0.555,-0.668,-0.616,-0.688,-0.613,-0.456,-0.429,-0.379,-0.38,-0.243,-0.1,-0.153,-0.183,-0.072,0.026,0.063,0.1,0.007,-0.058,0.054,-0.016,-0.145,-0.305,-0.282,-0.191,-0.049,-0.006,0.154,-0.155,-0.037,0.09,0.134,-0.193,-0.004,0.132,-0.057,-0.301,-0.312,-0.422,-0.487,-0.521,-0.46,-0.402,-0.389,-0.066,-0.04,0.091,0.165,0.251,0.182,0.234,0.09,-0.157,-0.156,0.163,0.287,0.404,0.466,0.518,0.534,0.553,0.514,0.312,0.218,0.459,0.598,0.623,0.585,0.496,0.574,0.544,0.454
0.526,0.54,0.526,0.544,0.555,0.686,0.835,0.925,1,0.94,0.827,0.658,0.733,0.551,0.218,0.286,0.37,-0.078,-0.352,-0.314,-0.424,-0.402,-0.494,-0.509,-0.538,-0.561,-0.634,-0.588,-0.633,-0.723,-0.599,-0.639,-0.705,-0.734,-0.672,-0.63,-0.593,-0.523,-0.399,-0.242,-0.053,-0.199,-0.427,-0.451,-0.338,-0.311,-0.33,-0.35,-0.301,-0.265,-0.459,-0.601,-0.613,-0.62,-0.645,-0.615,-0.573,-0.58,-0.563,-0.624,-0.658,-0.664,-0.628,-0.67,-0.734,-0.683,-0.564,-0.588,-0.622,-0.603,-0.638,-0.486,-0.292,-0.495,-0.465,-0.501,-0.493,-0.514,-0.53,-0.546,-0.642,-0.596,-0.635,-0.6,-0.456,-0.386,-0.307,-0.324,-0.209,-0.026,-0.012,-0.018,0.092,0.185,0.21,0.227,0.145,0.098,0.196,0.118,-0.038,-0.269,-0.295,-0.18,-0.054,-0.078,0.079,-0.21,-0.091,0.023,0.073,-0.221,-0.045,0.101,-0.066,-0.349,-0.371,-0.464,-0.551,-0.584,-0.495,-0.426,-0.429,-0.064,-0.021,0.116,0.202,0.308,0.244,0.269,0.084,-0.179,-0.161,0.124,0.242,0.36,0.425,0.492,0.503,0.525,0.492,0.285,0.195,0.43,0.576,0.614,0.569,0.463,0.525,0.48,0.391
0.392,0.412,0.362,0.362,0.369,0.52,0.691,0.795,0.94,1,0.896,0.777,0.841,0.691,0.406,0.465,0.504,0.082,-0.205,-0.245,-0.456,-0.442,-0.521,-0.537,-0.539,-0.525,-0.556,-0.501,-0.521,-0.631,-0.508,-0.594,-0.679,-0.686,-0.604,-0.524,-0.45,-0.361,-0.227,-0.083,0.11,-0.015,-0.261,-0.277,-0.156,-0.199,-0.289,-0.243,-0.249,-0.306,-0.445,-0.565,-0.531,-0.519,-0.583,-0.538,-0.466,-0.454,-0.439,-0.522,-0.571,-0.602,-0.557,-0.602,-0.642,-0.702,-0.516,-0.526,-0.58,-0.553,-0.619,-0.455,-0.332,-0.474,-0.431,-0.455,-0.458,-0.479,-0.501,-0.506,-0.565,-0.556,-0.595,-0.576,-0.504,-0.444,-0.345,-0.336,-0.293,-0.082,0.031,0.062,0.169,0.277,0.313,0.321,0.222,0.18,0.284,0.202,-0.049,-0.315,-0.315,-0.195,-0.008,-0.016,0.136,-0.146,-0.049,0.059,0.096,-0.165,-0.076,-0.017,-0.113,-0.398,-0.459,-0.488,-0.599,-0.634,-0.522,-0.447,-0.509,-0.143,-0.021,0.183,0.28,0.369,0.319,0.282,0.047,-0.242,-0.215,-0.047,0.064,0.209,0.307,0.415,0.398,0.402,0.361,0.118,0.019,0.268,0.457,0.55,0.535,0.442,0.462,0.343,0.289
0.423,0.49,0.485,0.495,0.504,0.612,0.726,0.798,0.827,0.896,1,0.904,0.866,0.79,0.6,0.563,0.449,-0.016,-0.296,-0.393,-0.625,-0.609,-0.659,-0.62,-0.553,-0.439,-0.522,-0.369,-0.387,-0.482,-0.401,-0.5,-0.571,-0.57,-0.526,-0.434,-0.318,-0.238,-0.173,-0.092,0.089,0.03,-0.18,-0.255,-0.129,-0.096,-0.221,-0.274,-0.254,-0.359,-0.545,-0.68,-0.568,-0.538,-0.664,-0.558,-0.446,-0.451,-0.457,-0.57,-0.626,-0.684,-0.596,-0.639,-0.638,-0.725,-0.499,-0.486,-0.52,-0.502,-0.583,-0.519,-0.443,-0.549,-0.371,-0.38,-0.442,-0.542,-0.534,-0.511,-0.563,-0.58,-0.663,-0.589,-0.565,-0.584,-0.505,-0.474,-0.449,-0.273,-0.156,-0.106,0.009,0.145,0.211,0.233,0.092,0.033,0.176,0.085,-0.236,-0.444,-0.346,-0.261,0.029,0.157,0.334,0.014,0.109,0.23,0.241,-0.052,-0.032,-0.075,-0.128,-0.366,-0.456,-0.454,-0.567,-0.614,-0.519,-0.446,-0.543,-0.219,-0.031,0.241,0.336,0.371,0.323,0.259,0.011,-0.293,-0.28,-0.179,-0.067,0.114,0.254,0.395,0.351,0.331,0.264,-0.025,-0.141,0.153,0.383,0.518,0.547,0.493,0.5,0.316,0.291
0.233,0.289,0.26,0.245,0.252,0.398,0.531,0.589,0.658,0.777,0.904,1,0.876,0.729,0.707,0.798,0.553,0.136,-0.107,-0.286,-0.549,-0.54,-0.556,-0.475,-0.37,-0.23,-0.341,-0.186,-0.187,-0.305,-0.222,-0.333,-0.4,-0.392,-0.365,-0.3,-0.167,-0.074,-0.023,0.025,0.153,0.149,-0.007,-0.123,-0.003,0.037,-0.169,-0.234,-0.226,-0.314,-0.393,-0.535,-0.4,-0.39,-0.527,-0.395,-0.285,-0.316,-0.337,-0.449,-0.465,-0.523,-0.393,-0.454,-0.486,-0.665,-0.349,-0.321,-0.387,-0.404,-0.517,-0.497,-0.492,-0.536,-0.276,-0.267,-0.302,-0.414,-0.393,-0.352,-0.371,-0.379,-0.478,-0.433,-0.474,-0.548,-0.477,-0.378,-0.419,-0.305,-0.113,-0.041,0.027,0.136,0.216,0.227,0.083,0.032,0.137,0.062,-0.236,-0.418,-0.316,-0.23,0.069,0.206,0.322,0.1,0.162,0.241,0.242,0.02,-0.042,-0.169,-0.157,-0.365,-0.455,-0.391,-0.511,-0.54,-0.427,-0.335,-0.496,-0.2,0.028,0.351,0.476,0.473,0.42,0.321,0.057,-0.243,-0.203,-0.275,-0.26,-0.104,0.03,0.213,0.166,0.128,0.045,-0.226,-0.314,-0.048,0.18,0.325,0.401,0.439,0.421,0.135,0.086
0.263,0.305,0.235,0.214,0.238,0.367,0.504,0.627,0.733,0.841,0.866,0.876,1,0.833,0.573,0.696,0.755,0.353,0.022,-0.182,-0.417,-0.379,-0.434,-0.428,-0.401,-0.351,-0.422,-0.355,-0.365,-0.468,-0.399,-0.474,-0.533,-0.54,-0.48,-0.426,-0.321,-0.239,-0.139,-0.036,0.125,0.048,-0.163,-0.201,-0.089,-0.148,-0.314,-0.262,-0.301,-0.356,-0.392,-0.487,-0.415,-0.384,-0.455,-0.388,-0.317,-0.315,-0.313,-0.382,-0.407,-0.438,-0.361,-0.418,-0.49,-0.623,-0.411,-0.438,-0.49,-0.445,-0.537,-0.374,-0.346,-0.43,-0.362,-0.345,-0.299,-0.343,-0.368,-0.349,-0.393,-0.381,-0.47,-0.462,-0.433,-0.42,-0.371,-0.333,-0.333,-0.164,-0.005,0.023,0.111,0.207,0.259,0.279,0.167,0.108,0.19,0.133,-0.092,-0.297,-0.28,-0.152,0.041,0.032,0.121,-0.073,-0.012,0.055,0.072,-0.135,-0.12,-0.137,-0.162,-0.417,-0.482,-0.432,-0.553,-0.579,-0.453,-0.349,-0.489,-0.156,0.028,0.289,0.405,0.461,0.37,0.307,0.065,-0.21,-0.175,-0.157,-0.095,0.031,0.123,0.261,0.229,0.214,0.158,-0.07,-0.152,0.07,0.258,0.365,0.374,0.358,0.373,0.175,0.14
0.272,0.346,0.303,0.284,0.281,0.38,0.441,0.473,0.551,0.691,0.79,0.729,0.833,1,0.805,0.564,0.554,0.279,-0.034,-0.209,-0.512,-0.516,-0.559,-0.568,-0.509,-0.415,-0.436,-0.327,-0.319,-0.359,-0.318,-0.391,-0.439,-0.442,-0.408,-0.308,-0.225,-0.16,-0.082,0.011,0.143,0.071,-0.105,-0.088,-0.034,-0.117,-0.216,-0.166,-0.204,-0.383,-0.499,-0.54,-0.467,-0.411,-0.507,-0.458,-0.358,-0.307,-0.305,-0.372,-0.452,-0.482,-0.447,-0.463,-0.384,-0.5,-0.325,-0.359,-0.412,-0.361,-0.442,-0.305,-0.258,-0.306,-0.29,-0.284,-0.397,-0.422,-0.443,-0.436,-0.447,-0.49,-0.547,-0.514,-0.532,-0.492,-0.433,-0.454,-0.452,-0.238,-0.091,0.019,0.144,0.269,0.319,0.331,0.204,0.163,0.304,0.185,-0.145,-0.374,-0.343,-0.261,-0.013,0.038,0.227,-0.055,0.025,0.129,0.126,-0.072,-0.075,-0.119,-0.124,-0.278,-0.389,-0.383,-0.482,-0.547,-0.487,-0.432,-0.508,-0.246,-0.067,0.163,0.27,0.331,0.281,0.197,-0.094,-0.38,-0.362,-0.276,-0.108,0.076,0.23,0.369,0.292,0.252,0.207,-0.06,-0.176,0.06,0.277,0.436,0.445,0.35,0.327,0.153,0.229
0.056,0.137,0.115,0.075,0.037,0.149,0.205,0.155,0.218,0.406,0.6,0.707,0.573,0.805,1,0.758,0.425,0.232,0.052,-0.201,-0.549,-0.573,-0.558,-0.496,-0.352,-0.154,-0.203,-0.017,0.023,0.01,0.045,-0.048,-0.103,-0.089,-0.091,0.009,0.095,0.142,0.165,0.177,0.21,0.231,0.171,0.152,0.169,0.126,-0.045,-0.039,-0.068,-0.321,-0.374,-0.425,-0.296,-0.25,-0.406,-0.314,-0.179,-0.139,-0.153,-0.231,-0.298,-0.339,-0.264,-0.284,-0.139,-0.34,-0.098,-0.08,-0.162,-0.149,-0.25,-0.24,-0.271,-0.218,-0.096,-0.061,-0.268,-0.355,-0.346,-0.306,-0.245,-0.314,-0.381,-0.346,-0.496,-0.551,-0.52,-0.425,-0.523,-0.374,-0.121,0.05,0.127,0.235,0.311,0.324,0.183,0.146,0.278,0.159,-0.204,-0.401,-0.336,-0.284,0.046,0.176,0.339,0.107,0.155,0.23,0.191,0.108,-0.016,-0.213,-0.131,-0.139,-0.283,-0.238,-0.319,-0.391,-0.382,-0.344,-0.447,-0.307,-0.067,0.22,0.349,0.367,0.338,0.203,-0.127,-0.425,-0.394,-0.495,-0.378,-0.18,0.005,0.201,0.087,-0.002,-0.057,-0.322,-0.434,-0.217,0.018,0.218,0.305,0.319,0.226,-0.104,0.021
-0.067,-0.025,-0.097,-0.162,-0.186,-0.029,0.124,0.169,0.286,0.465,0.563,0.798,0.696,0.564,0.758,1,0.76,0.464,0.27,-0.099,-0.387,-0.346,-0.334,-0.265,-0.161,-0.015,-0.099,0.016,0.053,-0.014,0.05,-0.04,-0.116,-0.105,-0.062,-0.019,0.073,0.135,0.19,0.205,0.243,0.263,0.185,0.127,0.191,0.123,-0.157,-0.075,-0.161,-0.301,-0.18,-0.273,-0.149,-0.113,-0.236,-0.141,-0.039,-0.036,-0.039,-0.109,-0.11,-0.143,-0.033,-0.105,-0.13,-0.377,-0.117,-0.099,-0.187,-0.156,-0.268,-0.197,-0.289,-0.241,-0.131,-0.054,-0.062,-0.166,-0.18,-0.12,-0.074,-0.08,-0.187,-0.215,-0.343,-0.424,-0.429,-0.228,-0.366,-0.256,0.068,0.146,0.16,0.217,0.293,0.321,0.21,0.145,0.184,0.157,-0.066,-0.244,-0.25,-0.118,0.134,0.125,0.126,0.047,0.04,0.051,0.026,0.01,-0.13,-0.309,-0.202,-0.283,-0.384,-0.248,-0.357,-0.39,-0.321,-0.218,-0.418,-0.227,0.053,0.378,0.516,0.549,0.45,0.33,0.039,-0.244,-0.19,-0.43,-0.414,-0.296,-0.199,0.005,-0.071,-0.153,-0.2,-0.389,-0.463,-0.31,-0.116,0.025,0.107,0.242,0.169,-0.24,-0.196
-0.031,-0.007,-0.129,-0.202,-0.211,-0.081,0.086,0.22,0.37,0.504,0.449,0.553,0.755,0.554,0.425,0.76,1,0.734,0.424,0.043,-0.168,-0.07,-0.111,-0.145,-0.161,-0.16,-0.174,-0.209,-0.185,-0.233,-0.197,-0.231,-0.302,-0.31,-0.212,-0.186,-0.143,-0.099,0.021,0.109,0.194,0.11,-0.036,0.005,0.056,-0.147,-0.379,-0.13,-0.302,-0.369,-0.157,-0.178,-0.137,-0.064,-0.085,-0.081,-0.042,0.008,0.044,0.029,0.021,0.025,0.063,-0.015,-0.127,-0.3,-0.223,-0.273,-0.321,-0.199,-0.266,0.001,-0.076,-0.084,-0.252,-0.156,0,-0.005,-0.086,-0.058,-0.059,-0.029,-0.125,-0.22,-0.248,-0.205,-0.253,-0.11,-0.193,0,0.257,0.247,0.278,0.305,0.337,0.375,0.324,0.252,0.244,0.258,0.164,-0.033,-0.174,0.024,0.104,-0.124,-0.187,-0.2,-0.223,-0.236,-0.24,-0.228,-0.266,-0.277,-0.215,-0.366,-0.421,-0.289,-0.402,-0.423,-0.326,-0.2,-0.385,-0.149,0.07,0.29,0.398,0.518,0.37,0.312,0.082,-0.151,-0.106,-0.223,-0.156,-0.105,-0.1,0.026,-0.014,-0.057,-0.054,-0.148,-0.205,-0.146,-0.028,0.039,0.02,0.101,0.065,-0.21,-0.175
-0.314,-0.302,-0.453,-0.546,-0.561,-0.46,-0.351,-0.262,-0.078,0.082,-0.016,0.136,0.353,0.279,0.232,0.464,0.734,1,0.82,0.578,0.336,0.328,0.318,0.258,0.205,0.11,0.19,0.021,0.064,0.03,-0.023,-0.016,-0.016,-0.011,0.059,0.054,0.053,0.07,0.133,0.181,0.165,0.141,0.121,0.181,0.15,-0.088,-0.281,-0.059,-0.237,-0.21,0.125,0.211,0.219,0.272,0.32,0.299,0.261,0.307,0.329,0.347,0.386,0.4,0.403,0.352,0.239,0.003,-0.004,-0.057,-0.07,0.007,-0.068,0.159,0.038,0.124,-0.123,-0.058,0.176,0.298,0.248,0.267,0.318,0.34,0.337,0.175,0.109,0.185,0.153,0.207,0.051,0.126,0.314,0.377,0.36,0.34,0.343,0.33,0.337,0.327,0.265,0.322,0.284,0.167,0.01,0.141,0.113,-0.117,-0.262,-0.085,-0.155,-0.243,-0.29,-0.159,-0.254,-0.31,-0.198,-0.296,-0.305,-0.156,-0.226,-0.188,-0.052,0.029,-0.142,-0.055,0.051,0.162,0.208,0.276,0.261,0.172,0.084,0.06,0.114,-0.16,-0.258,-0.312,-0.375,-0.319,-0.324,-0.323,-0.295,-0.244,-0.21,-0.298,-0.29,-0.275,-0.293,-0.168,-0.231,-0.383,-0.439
-0.461,-0.481,-0.628,-0.726,-0.739,-0.685,-0.604,-0.512,-0.352,-0.205,-0.296,-0.107,0.022,-0.034,0.052,0.27,0.424,0.82,1,0.79,0.586,0.516,0.516,0.459,0.389,0.296,0.351,0.196,0.222,0.24,0.12,0.155,0.205,0.226,0.241,0.229,0.231,0.192,0.177,0.154,0.08,0.126,0.183,0.25,0.201,-0.016,-0.169,0.057,-0.094,-0.081,0.281,0.397,0.41,0.457,0.514,0.472,0.421,0.462,0.492,0.535,0.582,0.591,0.578,0.563,0.467,0.22,0.195,0.165,0.156,0.214,0.127,0.311,0.125,0.267,0.01,0.082,0.283,0.38,0.349,0.382,0.499,0.476,0.522,0.364,0.29,0.358,0.351,0.337,0.13,0.058,0.292,0.407,0.317,0.252,0.235,0.234,0.288,0.283,0.164,0.277,0.35,0.334,0.201,0.291,0.211,-0.05,-0.276,0.01,-0.075,-0.21,-0.258,-0.007,-0.155,-0.24,-0.066,-0.078,-0.076,0.059,0.024,0.073,0.159,0.214,0.102,0.048,0.108,0.119,0.111,0.127,0.142,0.043,0.072,0.185,0.227,-0.115,-0.299,-0.402,-0.485,-0.475,-0.472,-0.465,-0.436,-0.308,-0.228,-0.386,-0.443,-0.469,-0.471,-0.321,-0.365,-0.451,-0.474
-0.339,-0.377,-0.492,-0.56,-0.562,-0.505,-0.488,-0.468,-0.314,-0.245,-0.393,-0.286,-0.182,-0.209,-0.201,-0.099,0.043,0.578,0.79,1,0.809,0.635,0.632,0.561,0.452,0.275,0.364,0.146,0.147,0.113,0.02,0.085,0.153,0.154,0.17,0.116,0.063,0.053,0.039,0.05,-0.028,0.002,0.105,0.145,0.072,-0.022,-0.02,0.056,0.007,0.155,0.378,0.448,0.372,0.337,0.451,0.404,0.285,0.29,0.3,0.343,0.418,0.449,0.416,0.427,0.35,0.215,0.168,0.115,0.122,0.099,0.062,0.162,0.122,0.184,0.021,0.032,0.183,0.347,0.36,0.347,0.42,0.456,0.584,0.458,0.448,0.557,0.612,0.505,0.361,0.248,0.265,0.369,0.293,0.23,0.192,0.127,0.191,0.246,0.149,0.214,0.291,0.291,0.178,0.187,0.047,-0.108,-0.253,0,-0.043,-0.153,-0.187,-0.044,-0.087,-0.097,-0.03,-0.04,0.017,0.06,0.074,0.147,0.246,0.238,0.216,0.121,0.01,-0.081,-0.124,-0.137,-0.005,-0.065,0.05,0.262,0.299,0.072,-0.156,-0.283,-0.375,-0.435,-0.395,-0.328,-0.289,-0.13,-0.02,-0.192,-0.295,-0.353,-0.377,-0.293,-0.323,-0.234,-0.368
-0.389,-0.473,-0.535,-0.541,-0.495,-0.521,-0.57,-0.501,-0.424,-0.456,-0.625,-0.549,-0.417,-0.512,-0.549,-0.387,-0.168,0.336,0.586,0.809,1,0.917,0.897,0.815,0.665,0.425,0.482,0.23,0.177,0.18,0.088,0.203,0.304,0.289,0.285,0.162,0.054,-0.006,-0.076,-0.083,-0.212,-0.167,-0.002,0.008,-0.08,-0.075,0.054,0.029,0.017,0.333,0.571,0.643,0.517,0.452,0.629,0.553,0.368,0.324,0.332,0.426,0.546,0.613,0.549,0.556,0.395,0.406,0.222,0.165,0.202,0.151,0.194,0.214,0.244,0.26,0.127,0.122,0.354,0.506,0.521,0.523,0.547,0.592,0.73,0.639,0.743,0.851,0.841,0.637,0.629,0.393,0.239,0.155,0.027,-0.098,-0.17,-0.199,-0.039,0.02,-0.13,0.059,0.34,0.534,0.487,0.425,0.113,-0.045,-0.289,0.086,0.03,-0.143,-0.165,0.009,0.026,0.087,0.098,0.119,0.216,0.208,0.28,0.374,0.432,0.405,0.442,0.252,0.046,-0.192,-0.326,-0.397,-0.294,-0.272,0.063,0.464,0.453,0.307,0.067,-0.159,-0.35,-0.537,-0.445,-0.337,-0.263,0.041,0.211,-0.052,-0.304,-0.486,-0.553,-0.503,-0.452,-0.131,-0.286
-0.399,-0.474,-0.533,-0.542,-0.502,-0.532,-0.56,-0.464,-0.402,-0.442,-0.609,-0.54,-0.379,-0.516,-0.573,-0.346,-0.07,0.328,0.516,0.635,0.917,1,0.948,0.839,0.659,0.42,0.479,0.22,0.147,0.175,0.093,0.186,0.275,0.26,0.261,0.157,0.036,-0.037,-0.108,-0.09,-0.221,-0.204,-0.034,-0.003,-0.116,-0.125,0.01,0.03,-0.042,0.265,0.564,0.636,0.51,0.479,0.661,0.582,0.396,0.364,0.382,0.49,0.609,0.698,0.626,0.592,0.399,0.43,0.175,0.072,0.099,0.087,0.167,0.252,0.33,0.327,0.143,0.175,0.448,0.566,0.532,0.57,0.568,0.606,0.706,0.616,0.746,0.877,0.792,0.62,0.629,0.445,0.303,0.128,-0.008,-0.139,-0.208,-0.205,-0.026,0.009,-0.146,0.078,0.369,0.576,0.533,0.487,0.166,-0.028,-0.299,0.079,0.02,-0.174,-0.201,-0.014,0.028,0.091,0.068,0.081,0.147,0.143,0.22,0.312,0.356,0.339,0.36,0.186,0.005,-0.222,-0.346,-0.379,-0.323,-0.287,0.058,0.441,0.41,0.295,0.118,-0.105,-0.325,-0.52,-0.432,-0.325,-0.228,0.089,0.249,-0.014,-0.275,-0.478,-0.578,-0.511,-0.471,-0.145,-0.267
-0.51,-0.577,-0.615,-0.601,-0.549,-0.602,-0.643,-0.549,-0.494,-0.521,-0.659,-0.556,-0.434,-0.559,-0.558,-0.334,-0.111,0.318,0.516,0.632,0.897,0.948,1,0.931,0.791,0.577,0.623,0.376,0.315,0.315,0.225,0.301,0.386,0.369,0.37,0.25,0.145,0.095,0.032,0.038,-0.122,-0.083,0.112,0.111,-0.01,-0.005,0.1,0.065,-0.012,0.3,0.607,0.689,0.584,0.542,0.706,0.656,0.482,0.43,0.442,0.54,0.668,0.734,0.676,0.659,0.439,0.436,0.211,0.164,0.213,0.197,0.252,0.295,0.288,0.324,0.213,0.229,0.514,0.63,0.633,0.667,0.676,0.733,0.826,0.759,0.851,0.895,0.79,0.607,0.594,0.362,0.215,0.054,-0.086,-0.21,-0.266,-0.277,-0.117,-0.076,-0.222,0.016,0.301,0.545,0.54,0.469,0.17,0.039,-0.247,0.169,0.082,-0.11,-0.14,0.066,0.038,0.041,0.074,0.104,0.178,0.223,0.294,0.381,0.413,0.405,0.396,0.187,0.049,-0.158,-0.304,-0.388,-0.324,-0.313,0.038,0.456,0.432,0.226,0.013,-0.219,-0.429,-0.614,-0.535,-0.435,-0.347,-0.026,0.144,-0.126,-0.378,-0.568,-0.629,-0.528,-0.491,-0.2,-0.338
-0.548,-0.604,-0.609,-0.573,-0.513,-0.583,-0.624,-0.538,-0.509,-0.537,-0.62,-0.475,-0.428,-0.568,-0.496,-0.265,-0.145,0.258,0.459,0.561,0.815,0.839,0.931,1,0.935,0.758,0.754,0.545,0.479,0.421,0.321,0.357,0.443,0.442,0.44,0.322,0.256,0.231,0.156,0.138,-0.037,0.05,0.257,0.194,0.078,0.131,0.154,0.009,-0.042,0.274,0.561,0.642,0.611,0.565,0.684,0.672,0.537,0.444,0.43,0.506,0.651,0.679,0.66,0.648,0.382,0.346,0.22,0.252,0.316,0.272,0.291,0.233,0.125,0.194,0.25,0.252,0.539,0.629,0.683,0.738,0.764,0.824,0.873,0.84,0.906,0.849,0.72,0.572,0.521,0.224,0.08,-0.075,-0.225,-0.327,-0.367,-0.394,-0.264,-0.227,-0.351,-0.105,0.152,0.43,0.491,0.388,0.144,0.139,-0.139,0.296,0.195,0.028,-0.001,0.191,0.093,0.001,0.052,0.104,0.196,0.255,0.332,0.431,0.483,0.484,0.43,0.207,0.076,-0.074,-0.203,-0.351,-0.247,-0.257,0.097,0.499,0.475,0.162,-0.127,-0.361,-0.547,-0.69,-0.615,-0.524,-0.467,-0.174,0.012,-0.231,-0.461,-0.615,-0.609,-0.455,-0.466,-0.254,-0.441
-0.606,-0.649,-0.622,-0.562,-0.494,-0.58,-0.623,-0.547,-0.538,-0.539,-0.553,-0.37,-0.401,-0.509,-0.352,-0.161,-0.161,0.205,0.389,0.452,0.665,0.659,0.791,0.935,1,0.907,0.865,0.726,0.67,0.572,0.472,0.461,0.534,0.541,0.535,0.42,0.406,0.404,0.333,0.284,0.092,0.215,0.419,0.306,0.203,0.274,0.219,0.011,-0.037,0.235,0.5,0.583,0.628,0.586,0.649,0.685,0.597,0.475,0.443,0.486,0.631,0.615,0.636,0.633,0.36,0.263,0.238,0.359,0.429,0.361,0.328,0.181,-0.04,0.082,0.287,0.284,0.558,0.614,0.716,0.789,0.83,0.88,0.876,0.879,0.871,0.715,0.583,0.47,0.392,0.064,-0.059,-0.184,-0.327,-0.403,-0.417,-0.45,-0.357,-0.324,-0.417,-0.174,0.022,0.313,0.445,0.324,0.159,0.258,0.009,0.428,0.323,0.175,0.134,0.308,0.112,-0.087,0.021,0.099,0.179,0.284,0.352,0.445,0.497,0.506,0.4,0.155,0.089,0.013,-0.103,-0.309,-0.197,-0.24,0.074,0.451,0.434,0.024,-0.287,-0.496,-0.637,-0.735,-0.682,-0.619,-0.588,-0.341,-0.166,-0.374,-0.562,-0.661,-0.596,-0.411,-0.448,-0.317,-0.507
-0.639,-0.661,-0.595,-0.517,-0.449,-0.552,-0.597,-0.532,-0.561,-0.525,-0.439,-0.23,-0.351,-0.415,-0.154,-0.015,-0.16,0.11,0.296,0.275,0.425,0.42,0.577,0.758,0.907,1,0.898,0.909,0.853,0.753,0.655,0.576,0.617,0.635,0.607,0.53,0.582,0.582,0.505,0.419,0.205,0.359,0.568,0.436,0.342,0.426,0.32,0.112,0.066,0.209,0.436,0.492,0.598,0.569,0.559,0.652,0.626,0.494,0.438,0.45,0.572,0.519,0.591,0.579,0.341,0.192,0.251,0.426,0.492,0.432,0.37,0.16,-0.135,0.023,0.347,0.357,0.561,0.522,0.631,0.725,0.794,0.83,0.765,0.839,0.736,0.495,0.357,0.337,0.212,-0.11,-0.181,-0.291,-0.426,-0.478,-0.451,-0.465,-0.425,-0.416,-0.468,-0.253,-0.149,0.149,0.373,0.241,0.209,0.407,0.212,0.539,0.444,0.317,0.25,0.413,0.12,-0.186,-0.021,0.113,0.151,0.304,0.355,0.428,0.449,0.456,0.307,0.029,0.072,0.094,0.012,-0.221,-0.142,-0.22,-0.002,0.306,0.296,-0.185,-0.462,-0.604,-0.672,-0.703,-0.698,-0.681,-0.682,-0.514,-0.379,-0.521,-0.631,-0.659,-0.536,-0.314,-0.376,-0.374,-0.507
-0.686,-0.706,-0.675,-0.618,-0.569,-0.663,-0.697,-0.651,-0.634,-0.556,-0.522,-0.341,-0.422,-0.436,-0.203,-0.099,-0.174,0.19,0.351,0.364,0.482,0.479,0.623,0.754,0.865,0.898,1,0.89,0.872,0.752,0.637,0.531,0.552,0.594,0.614,0.605,0.643,0.677,0.602,0.515,0.331,0.491,0.686,0.569,0.475,0.499,0.412,0.283,0.121,0.198,0.459,0.557,0.679,0.685,0.667,0.733,0.713,0.613,0.584,0.58,0.674,0.613,0.628,0.625,0.417,0.24,0.265,0.422,0.508,0.461,0.402,0.227,-0.096,0.098,0.322,0.352,0.619,0.632,0.72,0.806,0.861,0.862,0.823,0.847,0.716,0.526,0.435,0.414,0.274,-0.01,-0.071,-0.174,-0.311,-0.361,-0.357,-0.394,-0.325,-0.288,-0.351,-0.116,-0.058,0.202,0.4,0.28,0.217,0.35,0.132,0.475,0.327,0.223,0.179,0.337,-0.003,-0.296,-0.066,0.025,0.047,0.27,0.322,0.397,0.428,0.428,0.241,-0.047,0.032,0.049,-0.073,-0.293,-0.185,-0.296,-0.043,0.294,0.255,-0.245,-0.476,-0.618,-0.699,-0.752,-0.757,-0.739,-0.712,-0.529,-0.413,-0.589,-0.685,-0.69,-0.582,-0.398,-0.511,-0.47,-0.581
-0.658,-0.662,-0.578,-0.485,-0.422,-0.541,-0.595,-0.557,-0.588,-0.501,-0.369,-0.186,-0.355,-0.327,-0.017,0.016,-0.209,0.021,0.196,0.146,0.23,0.22,0.376,0.545,0.726,0.909,0.89,1,0.961,0.872,0.767,0.619,0.623,0.671,0.647,0.66,0.758,0.771,0.675,0.55,0.347,0.534,0.727,0.6,0.522,0.587,0.483,0.315,0.234,0.213,0.382,0.436,0.594,0.587,0.503,0.612,0.647,0.532,0.467,0.445,0.517,0.433,0.498,0.493,0.33,0.15,0.271,0.466,0.539,0.492,0.421,0.173,-0.168,0.023,0.382,0.401,0.521,0.435,0.532,0.63,0.716,0.7,0.624,0.749,0.569,0.304,0.212,0.249,0.098,-0.188,-0.212,-0.316,-0.439,-0.468,-0.43,-0.44,-0.421,-0.406,-0.423,-0.232,-0.235,0.051,0.344,0.187,0.242,0.5,0.358,0.59,0.48,0.393,0.325,0.467,0.092,-0.279,-0.048,0.112,0.098,0.299,0.343,0.393,0.377,0.366,0.191,-0.123,0.015,0.097,0.01,-0.242,-0.16,-0.28,-0.104,0.164,0.129,-0.375,-0.575,-0.648,-0.65,-0.651,-0.692,-0.711,-0.723,-0.623,-0.54,-0.632,-0.67,-0.622,-0.46,-0.27,-0.378,-0.43,-0.491
-0.68,-0.672,-0.6,-0.521,-0.47,-0.587,-0.628,-0.612,-0.633,-0.521,-0.387,-0.187,-0.365,-0.319,0.023,0.053,-0.185,0.064,0.222,0.147,0.177,0.147,0.315,0.479,0.67,0.853,0.872,0.961,1,0.903,0.807,0.656,0.643,0.693,0.686,0.703,0.807,0.84,0.774,0.637,0.448,0.631,0.8,0.684,0.624,0.65,0.495,0.355,0.268,0.214,0.386,0.449,0.621,0.62,0.522,0.639,0.69,0.59,0.525,0.487,0.547,0.444,0.513,0.521,0.375,0.156,0.297,0.51,0.581,0.545,0.448,0.197,-0.193,0.031,0.36,0.374,0.507,0.443,0.546,0.633,0.725,0.709,0.629,0.724,0.494,0.217,0.143,0.235,0.031,-0.233,-0.218,-0.28,-0.389,-0.407,-0.357,-0.382,-0.392,-0.374,-0.388,-0.23,-0.26,-0.011,0.257,0.117,0.193,0.464,0.323,0.553,0.416,0.351,0.284,0.429,0.036,-0.349,-0.099,0.059,0.052,0.294,0.328,0.378,0.368,0.357,0.164,-0.137,0.021,0.141,0.071,-0.181,-0.089,-0.222,-0.09,0.141,0.128,-0.418,-0.633,-0.696,-0.681,-0.65,-0.693,-0.732,-0.758,-0.682,-0.611,-0.696,-0.706,-0.627,-0.447,-0.244,-0.361,-0.479,-0.536
-0.666,-0.655,-0.585,-0.521,-0.486,-0.623,-0.69,-0.671,-0.723,-0.631,-0.482,-0.305,-0.468,-0.359,0.01,-0.014,-0.233,0.03,0.24,0.113,0.18,0.175,0.315,0.421,0.572,0.753,0.752,0.872,0.903,1,0.874,0.787,0.798,0.831,0.773,0.789,0.837,0.772,0.666,0.492,0.242,0.415,0.631,0.575,0.458,0.457,0.393,0.336,0.242,0.157,0.36,0.461,0.574,0.589,0.532,0.595,0.619,0.569,0.526,0.543,0.578,0.524,0.555,0.565,0.518,0.367,0.362,0.508,0.573,0.566,0.524,0.337,0.044,0.254,0.392,0.431,0.499,0.417,0.469,0.547,0.659,0.614,0.557,0.64,0.435,0.207,0.097,0.151,0.011,-0.218,-0.162,-0.199,-0.306,-0.355,-0.323,-0.299,-0.269,-0.262,-0.303,-0.137,-0.096,0.159,0.367,0.247,0.297,0.431,0.262,0.475,0.349,0.231,0.138,0.372,0.027,-0.285,-0.039,0.197,0.169,0.365,0.404,0.416,0.328,0.315,0.199,-0.15,-0.001,0.036,-0.045,-0.216,-0.194,-0.299,-0.166,0.079,0.051,-0.386,-0.496,-0.557,-0.568,-0.578,-0.634,-0.686,-0.674,-0.548,-0.498,-0.639,-0.688,-0.657,-0.532,-0.366,-0.446,-0.52,-0.467
-0.643,-0.634,-0.541,-0.453,-0.411,-0.52,-0.583,-0.578,-0.599,-0.508,-0.401,-0.222,-0.399,-0.318,0.045,0.05,-0.197,-0.023,0.12,0.02,0.088,0.093,0.225,0.321,0.472,0.655,0.637,0.767,0.807,0.874,1,0.877,0.765,0.754,0.777,0.741,0.722,0.686,0.706,0.587,0.314,0.393,0.584,0.53,0.411,0.436,0.426,0.38,0.286,0.226,0.403,0.403,0.427,0.394,0.355,0.422,0.427,0.38,0.335,0.35,0.393,0.368,0.41,0.387,0.367,0.302,0.32,0.446,0.441,0.402,0.409,0.239,0.085,0.21,0.381,0.4,0.411,0.305,0.348,0.399,0.475,0.498,0.451,0.545,0.369,0.152,0.033,0.138,0.044,-0.112,-0.098,-0.174,-0.269,-0.317,-0.271,-0.247,-0.226,-0.219,-0.245,-0.112,-0.078,0.114,0.283,0.195,0.263,0.352,0.226,0.376,0.257,0.141,0.054,0.216,-0.04,-0.288,-0.148,0.112,0.111,0.264,0.316,0.318,0.212,0.181,0.108,-0.195,-0.09,-0.038,-0.071,-0.172,-0.186,-0.238,-0.169,0.004,-0.025,-0.332,-0.359,-0.388,-0.386,-0.389,-0.446,-0.51,-0.488,-0.397,-0.384,-0.497,-0.51,-0.48,-0.39,-0.274,-0.328,-0.423,-0.352
-0.591,-0.584,-0.499,-0.425,-0.392,-0.51,-0.598,-0.597,-0.639,-0.594,-0.5,-0.333,-0.474,-0.391,-0.048,-0.04,-0.231,-0.016,0.155,0.085,0.203,0.186,0.301,0.357,0.461,0.576,0.531,0.619,0.656,0.787,0.877,1,0.907,0.858,0.892,0.741,0.612,0.497,0.489,0.36,0.069,0.141,0.352,0.343,0.207,0.216,0.259,0.244,0.195,0.215,0.402,0.428,0.385,0.338,0.364,0.391,0.345,0.32,0.296,0.347,0.396,0.406,0.431,0.439,0.441,0.458,0.366,0.471,0.465,0.429,0.471,0.327,0.222,0.317,0.372,0.411,0.383,0.295,0.334,0.359,0.432,0.47,0.47,0.522,0.393,0.221,0.092,0.126,0.096,-0.043,-0.04,-0.094,-0.172,-0.244,-0.221,-0.193,-0.15,-0.139,-0.199,-0.088,0.053,0.249,0.313,0.237,0.219,0.215,0.065,0.274,0.162,0.014,-0.082,0.123,-0.065,-0.211,-0.083,0.208,0.237,0.347,0.411,0.417,0.298,0.261,0.252,-0.068,-0.051,-0.085,-0.132,-0.217,-0.253,-0.25,-0.139,0.067,0.049,-0.184,-0.215,-0.283,-0.322,-0.374,-0.406,-0.464,-0.421,-0.267,-0.238,-0.42,-0.499,-0.522,-0.471,-0.381,-0.391,-0.42,-0.336
-0.576,-0.578,-0.505,-0.445,-0.409,-0.535,-0.644,-0.65,-0.705,-0.679,-0.571,-0.4,-0.533,-0.439,-0.103,-0.116,-0.302,-0.016,0.205,0.153,0.304,0.275,0.386,0.443,0.534,0.617,0.552,0.623,0.643,0.798,0.765,0.907,1,0.959,0.862,0.665,0.578,0.446,0.346,0.199,-0.08,0.04,0.293,0.281,0.137,0.153,0.2,0.134,0.142,0.212,0.396,0.497,0.473,0.425,0.468,0.471,0.406,0.364,0.332,0.401,0.466,0.472,0.475,0.525,0.531,0.531,0.388,0.494,0.53,0.484,0.521,0.338,0.222,0.332,0.38,0.415,0.369,0.311,0.369,0.408,0.511,0.502,0.531,0.575,0.47,0.31,0.193,0.123,0.112,-0.095,-0.084,-0.108,-0.181,-0.263,-0.269,-0.248,-0.177,-0.156,-0.241,-0.118,0.065,0.32,0.391,0.268,0.203,0.253,0.082,0.351,0.255,0.086,-0.019,0.235,0.058,-0.088,0.033,0.312,0.352,0.414,0.484,0.51,0.416,0.375,0.394,0.067,0.016,-0.086,-0.147,-0.286,-0.276,-0.265,-0.084,0.186,0.178,-0.094,-0.222,-0.337,-0.399,-0.469,-0.469,-0.494,-0.472,-0.277,-0.183,-0.392,-0.54,-0.606,-0.541,-0.441,-0.43,-0.4,-0.354
-0.589,-0.599,-0.536,-0.483,-0.446,-0.576,-0.683,-0.685,-0.734,-0.686,-0.57,-0.392,-0.54,-0.442,-0.089,-0.105,-0.31,-0.011,0.226,0.154,0.289,0.26,0.369,0.442,0.541,0.635,0.594,0.671,0.693,0.831,0.754,0.858,0.959,1,0.904,0.78,0.717,0.577,0.4,0.192,-0.059,0.139,0.373,0.347,0.233,0.246,0.249,0.178,0.17,0.196,0.381,0.501,0.549,0.525,0.531,0.538,0.504,0.461,0.415,0.465,0.522,0.5,0.501,0.552,0.546,0.504,0.427,0.552,0.606,0.561,0.566,0.351,0.155,0.306,0.394,0.43,0.398,0.337,0.401,0.456,0.57,0.519,0.534,0.575,0.452,0.279,0.191,0.134,0.098,-0.135,-0.099,-0.119,-0.213,-0.294,-0.3,-0.287,-0.216,-0.187,-0.267,-0.135,0.025,0.298,0.409,0.262,0.203,0.278,0.11,0.39,0.287,0.132,0.038,0.309,0.069,-0.123,0.06,0.321,0.343,0.443,0.508,0.546,0.461,0.425,0.399,0.052,0.049,-0.028,-0.11,-0.293,-0.27,-0.283,-0.081,0.204,0.183,-0.158,-0.318,-0.434,-0.483,-0.545,-0.553,-0.583,-0.572,-0.384,-0.285,-0.486,-0.63,-0.669,-0.572,-0.456,-0.474,-0.456,-0.409
-0.601,-0.607,-0.549,-0.492,-0.458,-0.581,-0.664,-0.649,-0.672,-0.604,-0.526,-0.365,-0.48,-0.408,-0.091,-0.062,-0.212,0.059,0.241,0.17,0.285,0.261,0.37,0.44,0.535,0.607,0.614,0.647,0.686,0.773,0.777,0.892,0.862,0.904,1,0.88,0.736,0.616,0.516,0.323,0.08,0.241,0.428,0.408,0.318,0.311,0.294,0.267,0.182,0.202,0.414,0.477,0.516,0.498,0.496,0.525,0.497,0.456,0.425,0.449,0.507,0.481,0.488,0.508,0.452,0.429,0.382,0.516,0.55,0.514,0.512,0.337,0.128,0.267,0.344,0.402,0.451,0.388,0.442,0.495,0.566,0.559,0.549,0.573,0.443,0.282,0.185,0.21,0.144,-0.039,-0.015,-0.081,-0.191,-0.257,-0.245,-0.24,-0.185,-0.165,-0.227,-0.067,0.047,0.256,0.346,0.253,0.198,0.209,0.026,0.298,0.158,0.025,-0.055,0.158,-0.103,-0.282,-0.077,0.17,0.196,0.363,0.426,0.466,0.392,0.361,0.285,-0.057,-0.011,-0.025,-0.121,-0.272,-0.263,-0.285,-0.115,0.151,0.12,-0.223,-0.321,-0.421,-0.472,-0.533,-0.561,-0.609,-0.568,-0.389,-0.33,-0.54,-0.641,-0.646,-0.567,-0.457,-0.505,-0.516,-0.46
-0.578,-0.574,-0.53,-0.484,-0.462,-0.574,-0.631,-0.616,-0.63,-0.524,-0.434,-0.3,-0.426,-0.308,0.009,-0.019,-0.186,0.054,0.229,0.116,0.162,0.157,0.25,0.322,0.42,0.53,0.605,0.66,0.703,0.789,0.741,0.741,0.665,0.78,0.88,1,0.897,0.78,0.626,0.393,0.196,0.409,0.553,0.529,0.458,0.428,0.37,0.378,0.222,0.108,0.308,0.387,0.521,0.559,0.483,0.521,0.565,0.55,0.519,0.508,0.517,0.461,0.453,0.449,0.414,0.325,0.354,0.479,0.529,0.523,0.476,0.333,0.058,0.244,0.311,0.378,0.45,0.372,0.408,0.478,0.555,0.481,0.441,0.47,0.308,0.149,0.1,0.169,0.067,-0.094,-0.019,-0.075,-0.197,-0.246,-0.226,-0.212,-0.165,-0.147,-0.175,-0.009,0.009,0.195,0.342,0.252,0.265,0.275,0.116,0.313,0.176,0.091,0.035,0.24,-0.106,-0.349,-0.064,0.128,0.088,0.312,0.351,0.371,0.285,0.27,0.136,-0.196,-0.023,0.025,-0.091,-0.241,-0.234,-0.321,-0.17,0.06,-0.008,-0.387,-0.438,-0.486,-0.498,-0.531,-0.599,-0.66,-0.618,-0.493,-0.475,-0.627,-0.662,-0.611,-0.509,-0.398,-0.502,-0.551,-0.462
-0.599,-0.595,-0.553,-0.499,-0.46,-0.588,-0.618,-0.578,-0.593,-0.45,-0.318,-0.167,-0.321,-0.225,0.095,0.073,-0.143,0.053,0.231,0.063,0.054,0.036,0.145,0.256,0.406,0.582,0.643,0.758,0.807,0.837,0.722,0.612,0.578,0.717,0.736,0.897,1,0.931,0.752,0.481,0.359,0.618,0.701,0.64,0.633,0.581,0.406,0.397,0.273,0.088,0.256,0.36,0.594,0.645,0.504,0.57,0.672,0.644,0.587,0.544,0.534,0.422,0.446,0.453,0.386,0.175,0.323,0.508,0.585,0.588,0.48,0.287,-0.13,0.113,0.305,0.352,0.421,0.329,0.391,0.475,0.585,0.47,0.399,0.46,0.245,0.022,0.019,0.119,-0.057,-0.261,-0.135,-0.166,-0.284,-0.313,-0.285,-0.28,-0.264,-0.246,-0.266,-0.12,-0.153,0.072,0.308,0.186,0.266,0.397,0.261,0.441,0.311,0.258,0.209,0.407,-0.014,-0.363,-0.036,0.104,0.05,0.309,0.323,0.35,0.298,0.301,0.111,-0.188,0.044,0.161,0.065,-0.157,-0.121,-0.258,-0.123,0.08,0.027,-0.465,-0.6,-0.632,-0.6,-0.578,-0.646,-0.711,-0.728,-0.666,-0.638,-0.722,-0.713,-0.62,-0.449,-0.299,-0.418,-0.534,-0.482
-0.584,-0.574,-0.531,-0.471,-0.431,-0.53,-0.546,-0.538,-0.523,-0.361,-0.238,-0.074,-0.239,-0.16,0.142,0.135,-0.099,0.07,0.192,0.053,-0.006,-0.037,0.095,0.231,0.404,0.582,0.677,0.771,0.84,0.772,0.686,0.497,0.446,0.577,0.616,0.78,0.931,1,0.87,0.634,0.56,0.812,0.861,0.752,0.781,0.748,0.526,0.461,0.333,0.141,0.265,0.337,0.592,0.628,0.455,0.548,0.671,0.612,0.544,0.464,0.462,0.327,0.363,0.376,0.277,0.02,0.271,0.48,0.56,0.549,0.406,0.182,-0.277,-0.033,0.267,0.284,0.375,0.307,0.393,0.476,0.571,0.477,0.395,0.472,0.236,-0.016,0.023,0.147,-0.066,-0.272,-0.174,-0.209,-0.311,-0.31,-0.273,-0.303,-0.323,-0.295,-0.294,-0.176,-0.279,-0.087,0.176,0.05,0.17,0.414,0.312,0.462,0.315,0.314,0.286,0.407,-0.033,-0.417,-0.097,-0.005,-0.049,0.237,0.244,0.279,0.269,0.271,0.04,-0.204,0.041,0.217,0.141,-0.118,-0.04,-0.201,-0.099,0.065,0.024,-0.508,-0.669,-0.684,-0.62,-0.555,-0.622,-0.687,-0.735,-0.73,-0.708,-0.738,-0.681,-0.541,-0.338,-0.185,-0.331,-0.497,-0.497
-0.602,-0.575,-0.533,-0.464,-0.426,-0.507,-0.481,-0.456,-0.399,-0.227,-0.173,-0.023,-0.139,-0.082,0.165,0.19,0.021,0.133,0.177,0.039,-0.076,-0.108,0.032,0.156,0.333,0.505,0.602,0.675,0.774,0.666,0.706,0.489,0.346,0.4,0.516,0.626,0.752,0.87,1,0.891,0.8,0.864,0.847,0.795,0.801,0.694,0.468,0.471,0.337,0.144,0.266,0.304,0.465,0.477,0.336,0.428,0.535,0.49,0.438,0.368,0.362,0.24,0.288,0.294,0.171,-0.065,0.162,0.369,0.396,0.408,0.276,0.151,-0.237,-0.04,0.197,0.19,0.299,0.257,0.325,0.378,0.457,0.443,0.358,0.428,0.179,-0.064,-0.051,0.132,-0.112,-0.228,-0.117,-0.148,-0.215,-0.192,-0.136,-0.175,-0.229,-0.218,-0.21,-0.128,-0.264,-0.168,0.032,-0.035,0.105,0.315,0.238,0.35,0.198,0.215,0.18,0.237,-0.113,-0.453,-0.25,-0.162,-0.17,0.086,0.087,0.114,0.12,0.123,-0.081,-0.227,-0.032,0.184,0.188,0.026,0.096,-0.045,-0.056,0,-0.006,-0.464,-0.575,-0.561,-0.483,-0.38,-0.444,-0.517,-0.568,-0.614,-0.627,-0.621,-0.506,-0.352,-0.184,-0.065,-0.204,-0.43,-0.431
-0.563,-0.517,-0.483,-0.413,-0.386,-0.425,-0.363,-0.336,-0.242,-0.083,-0.092,0.025,-0.036,0.011,0.177,0.205,0.109,0.181,0.154,0.05,-0.083,-0.09,0.038,0.138,0.284,0.419,0.515,0.55,0.637,0.492,0.587,0.36,0.199,0.192,0.323,0.393,0.481,0.634,0.891,1,0.889,0.79,0.784,0.785,0.716,0.577,0.399,0.416,0.272,0.123,0.245,0.252,0.311,0.308,0.214,0.296,0.371,0.331,0.297,0.25,0.254,0.168,0.217,0.213,0.068,-0.142,0.042,0.2,0.179,0.209,0.108,0.092,-0.172,-0.041,0.133,0.104,0.205,0.2,0.246,0.29,0.35,0.393,0.32,0.385,0.171,-0.017,-0.039,0.139,-0.1,-0.134,-0.03,-0.085,-0.121,-0.078,-0.018,-0.06,-0.128,-0.135,-0.113,-0.052,-0.228,-0.217,-0.067,-0.095,0.052,0.252,0.199,0.278,0.144,0.174,0.138,0.132,-0.104,-0.39,-0.312,-0.263,-0.26,-0.074,-0.072,-0.052,-0.023,-0.022,-0.184,-0.231,-0.103,0.117,0.181,0.101,0.185,0.054,-0.027,-0.049,-0.032,-0.396,-0.469,-0.434,-0.358,-0.237,-0.291,-0.344,-0.386,-0.47,-0.492,-0.442,-0.303,-0.156,-0.035,0.056,-0.084,-0.313,-0.344
-0.385,-0.336,-0.329,-0.278,-0.257,-0.278,-0.189,-0.156,-0.053,0.11,0.089,0.153,0.125,0.143,0.21,0.243,0.194,0.165,0.08,-0.028,-0.212,-0.221,-0.122,-0.037,0.092,0.205,0.331,0.347,0.448,0.242,0.314,0.069,-0.08,-0.059,0.08,0.196,0.359,0.56,0.8,0.889,1,0.877,0.733,0.748,0.774,0.6,0.345,0.383,0.276,0.077,0.113,0.128,0.245,0.26,0.124,0.206,0.321,0.296,0.258,0.175,0.144,0.026,0.07,0.076,-0.08,-0.331,-0.091,0.082,0.08,0.147,0.002,0.014,-0.31,-0.184,-0.009,-0.039,0.075,0.096,0.14,0.173,0.213,0.23,0.143,0.189,-0.016,-0.174,-0.129,0.068,-0.191,-0.179,-0.069,-0.106,-0.105,-0.028,0.029,-0.035,-0.137,-0.145,-0.105,-0.105,-0.333,-0.364,-0.213,-0.234,-0.066,0.19,0.197,0.213,0.101,0.198,0.203,0.131,-0.082,-0.35,-0.275,-0.34,-0.346,-0.155,-0.183,-0.159,-0.082,-0.065,-0.255,-0.194,-0.035,0.234,0.309,0.205,0.296,0.165,0.047,-0.06,-0.035,-0.372,-0.466,-0.403,-0.291,-0.132,-0.174,-0.224,-0.309,-0.47,-0.503,-0.372,-0.187,-0.005,0.134,0.201,0.059,-0.194,-0.251
